   5.09999990E-02
   5.20000011E-02
   5.29999994E-02
   5.40000014E-02
   5.49999997E-02
   5.60000017E-02
   5.70000000E-02
   5.79999983E-02
   5.90000004E-02
   5.99999987E-02
   6.10000007E-02
   6.19999990E-02
   6.30000010E-02
   6.40000030E-02
   6.49999976E-02
   6.59999996E-02
   6.70000017E-02
   6.80000037E-02
   6.89999983E-02
   7.00000003E-02
   7.10000023E-02
   7.19999969E-02
   7.29999989E-02
   7.40000010E-02
   7.50000030E-02
   7.59999976E-02
   7.69999996E-02
   7.80000016E-02
   7.90000036E-02
   7.99999982E-02
   8.10000002E-02
   8.20000023E-02
   8.29999968E-02
   8.39999989E-02
   8.50000009E-02
   8.60000029E-02
   8.69999975E-02
   8.79999995E-02
   8.90000015E-02
   9.00000036E-02
   9.09999982E-02
   9.20000002E-02
   9.30000022E-02
   9.39999968E-02
   9.49999988E-02
   9.60000008E-02
   9.70000029E-02
   9.79999974E-02
   9.89999995E-02
  0.100000001    
  0.101000004    
  0.101999998    
  0.103000000    
  0.104000002    
  0.104999997    
  0.105999999    
  0.107000001    
  0.108000003    
  0.108999997    
  0.109999999    
  0.111000001    
  0.112000003    
  0.112999998    
  0.114000000    
  0.115000002    
  0.115999997    
  0.116999999    
  0.118000001    
  0.119000003    
  0.119999997    
  0.120999999    
  0.122000001    
  0.123000003    
  0.123999998    
  0.125000000    
  0.126000002    
  0.127000004    
  0.128000006    
  0.128999993    
  0.129999995    
  0.130999997    
  0.131999999    
  0.133000001    
  0.134000003    
  0.135000005    
  0.136000007    
  0.136999995    
  0.137999997    
  0.138999999    
  0.140000001    
  0.141000003    
  0.142000005    
  0.143000007    
  0.143999994    
  0.144999996    
  0.145999998    
  0.147000000    
  0.148000002    
  0.149000004    
  0.150000006    
  0.150999993    
  0.151999995    
  0.152999997    
  0.153999999    
  0.155000001    
  0.156000003    
  0.157000005    
  0.158000007    
  0.158999994    
  0.159999996    
  0.160999998    
  0.162000000    
  0.163000003    
  0.164000005    
  0.165000007    
  0.165999994    
  0.166999996    
  0.167999998    
  0.169000000    
  0.170000002    
  0.171000004    
  0.172000006    
  0.172999993    
  0.173999995    
  0.174999997    
  0.175999999    
  0.177000001    
  0.178000003    
  0.179000005    
  0.180000007    
  0.180999994    
  0.181999996    
  0.182999998    
  0.184000000    
  0.185000002    
  0.186000004    
  0.187000006    
  0.187999994    
  0.188999996    
  0.189999998    
  0.191000000    
  0.192000002    
  0.193000004    
  0.194000006    
  0.194999993    
  0.195999995    
  0.196999997    
  0.197999999    
  0.199000001    
  0.200000003    
  0.201000005    
  0.202000007    
  0.202999994    
  0.203999996    
  0.204999998    
  0.206000000    
  0.207000002    
  0.208000004    
  0.209000006    
  0.209999993    
  0.210999995    
  0.211999997    
  0.213000000    
  0.214000002    
  0.215000004    
  0.216000006    
  0.216999993    
  0.217999995    
  0.218999997    
  0.219999999    
  0.221000001    
  0.222000003    
  0.223000005    
  0.224000007    
  0.224999994    
  0.225999996    
  0.226999998    
  0.228000000    
  0.229000002    
  0.230000004    
  0.231000006    
  0.231999993    
  0.232999995    
  0.233999997    
  0.234999999    
  0.236000001    
  0.237000003    
  0.238000005    
  0.238999993    
  0.239999995    
  0.240999997    
  0.241999999    
  0.243000001    
  0.244000003    
  0.245000005    
  0.246000007    
  0.246999994    
  0.247999996    
  0.248999998    
  0.250000000    
  0.250999987    
  0.252000004    
  0.252999991    
  0.254000008    
  0.254999995    
  0.256000012    
  0.256999999    
  0.257999986    
  0.259000003    
  0.259999990    
  0.261000007    
  0.261999995    
  0.263000011    
  0.263999999    
  0.264999986    
  0.266000003    
  0.266999990    
  0.268000007    
  0.268999994    
  0.270000011    
  0.270999998    
  0.272000015    
  0.273000002    
  0.273999989    
  0.275000006    
  0.275999993    
  0.277000010    
  0.277999997    
  0.279000014    
  0.280000001    
  0.280999988    
  0.282000005    
  0.282999992    
  0.284000009    
  0.284999996    
  0.286000013    
  0.287000000    
  0.287999988    
  0.289000005    
  0.289999992    
  0.291000009    
  0.291999996    
  0.293000013    
  0.294000000    
  0.294999987    
  0.296000004    
  0.296999991    
  0.298000008    
  0.298999995    
  0.300500005    
  0.303000003    
  0.305999994    
  0.308999985    
  0.312000006    
  0.314999998    
  0.317999989    
  0.321000010    
  0.324000001    
  0.326999992    
  0.330000013    
  0.333000004    
  0.335999995    
  0.338999987    
  0.342000008    
  0.344999999    
  0.347999990    
  0.351000011    
  0.354000002    
  0.356999993    
  0.360000014    
  0.363000005    
  0.365999997    
  0.368999988    
  0.372000009    
  0.375000000    
  0.377999991    
  0.381000012    
  0.384000003    
  0.386999995    
  0.389999986    
  0.393000007    
  0.395999998    
  0.398999989    
  0.402000010    
  0.405000001    
  0.407999992    
  0.411000013    
  0.414000005    
  0.416999996    
  0.419999987    
  0.423000008    
  0.425999999    
  0.428999990    
  0.432000011    
  0.435000002    
  0.437999994    
  0.441000015    
  0.444000006    
  0.446999997    
  0.449999988    
  0.453000009    
  0.456000000    
  0.458999991    
  0.462000012    
  0.465000004    
  0.467999995    
  0.470999986    
  0.474000007    
  0.476999998    
  0.479999989    
  0.483000010    
  0.486000001    
  0.488999993    
  0.492000014    
  0.495000005    
  0.497999996    
  0.500999987    
  0.504000008    
  0.507000029    
  0.509999990    
  0.513000011    
  0.515999973    
  0.518499970    
  0.519999981    
  0.521000028    
  0.522000015    
  0.523000002    
  0.523999989    
  0.524999976    
  0.526000023    
  0.527000010    
  0.527999997    
  0.528999984    
  0.529999971    
  0.531000018    
  0.532000005    
  0.532999992    
  0.533999979    
  0.535000026    
  0.536000013    
  0.537000000    
  0.537999988    
  0.538999975    
  0.540000021    
  0.541000009    
  0.541999996    
  0.542999983    
  0.544000030    
  0.545000017    
  0.546000004    
  0.546999991    
  0.547999978    
  0.549000025    
  0.550499976    
  0.552999973    
  0.555999994    
  0.559000015    
  0.561999977    
  0.564999998    
  0.568000019    
  0.570999980    
  0.574000001    
  0.577000022    
  0.579999983    
  0.583000004    
  0.586000025    
  0.588999987    
  0.592000008    
  0.595000029    
  0.597999990    
  0.601000011    
  0.603999972    
  0.606999993    
  0.610000014    
  0.612999976    
  0.615999997    
  0.619000018    
  0.621999979    
  0.625000000    
  0.628000021    
  0.630999982    
  0.634000003    
  0.637000024    
  0.639999986    
  0.643000007    
  0.646000028    
  0.648999989    
  0.652000010    
  0.654999971    
  0.657999992    
  0.661000013    
  0.663999975    
  0.666999996    
  0.670000017    
  0.672999978    
  0.675999999    
  0.679000020    
  0.681999981    
  0.685000002    
  0.688000023    
  0.690999985    
  0.694000006    
  0.697000027    
  0.699999988    
  0.703000009    
  0.705999970    
  0.708999991    
  0.712000012    
  0.714999974    
  0.717999995    
  0.721000016    
  0.723999977    
  0.726999998    
  0.730000019    
  0.732999980    
  0.736000001    
  0.739000022    
  0.741999984    
  0.745000005    
  0.748000026    
  0.750999987    
  0.754000008    
  0.757000029    
  0.759999990    
  0.763000011    
  0.765999973    
  0.768999994    
  0.772000015    
  0.774999976    
  0.777999997    
  0.781000018    
  0.783999979    
  0.787000000    
  0.790000021    
  0.792999983    
  0.796000004    
  0.799000025    
  0.801999986    
  0.805000007    
  0.808000028    
  0.810999990    
  0.814000010    
  0.816999972    
  0.819999993    
  0.823000014    
  0.825999975    
  0.828999996    
  0.832000017    
  0.834999979    
  0.838000000    
  0.841000021    
  0.843999982    
  0.847000003    
  0.850000024    
  0.852999985    
  0.856000006    
  0.859000027    
  0.861999989    
  0.865000010    
  0.867999971    
  0.870999992    
  0.874000013    
  0.876999974    
  0.879999995    
  0.883000016    
  0.885999978    
  0.888999999    
  0.892000020    
  0.894999981    
  0.898000002    
  0.901000023    
  0.903999984    
  0.907000005    
  0.910000026    
  0.912999988    
  0.916000009    
  0.919000030    
  0.921999991    
  0.925000012    
  0.927999973    
  0.930999994    
  0.934000015    
  0.936999977    
  0.939999998    
  0.943000019    
  0.945999980    
  0.949000001    
  0.952000022    
  0.954999983    
  0.958000004    
  0.961000025    
  0.963999987    
  0.967000008    
  0.970000029    
  0.972999990    
  0.976000011    
  0.978999972    
  0.981999993    
  0.985000014    
  0.987999976    
  0.990999997    
  0.994000018    
  0.996999979    
   1.00000000    
   1.00300002    
   1.00600004    
   1.00899994    
   1.01199996    
   1.01499999    
   1.01800001    
   1.02100003    
   1.02400005    
   1.02699995    
   1.02999997    
   1.03299999    
   1.03600001    
   1.03900003    
   1.04200006    
   1.04499996    
   1.04799998    
   1.05100000    
   1.05400002    
   1.05700004    
   1.05999994    
   1.06299996    
   1.06599998    
   1.06900001    
   1.07200003    
   1.07500005    
   1.07799995    
   1.08099997    
   1.08399999    
   1.08700001    
   1.09000003    
   1.09300005    
   1.09599996    
   1.09899998    
   1.10200000    
   1.10500002    
   1.10800004    
   1.11099994    
   1.11399996    
   1.11699998    
   1.12000000    
   1.12300003    
   1.12600005    
   1.12899995    
   1.13199997    
   1.13499999    
   1.13800001    
   1.14100003    
   1.14400005    
   1.14699996    
   1.14999998    
   1.15300000    
   1.15600002    
   1.15900004    
   1.16199994    
   1.16499996    
   1.16799998    
   1.17100000    
   1.17400002    
   1.17700005    
   1.17999995    
   1.18299997    
   1.18599999    
   1.18900001    
   1.19200003    
   1.19500005    
   1.19799995    
   1.20099998    
   1.20400000    
   1.20700002    
   1.21000004    
   1.21300006    
   1.21599996    
   1.21899998    
   1.22200000    
   1.22500002    
   1.22800004    
   1.23099995    
   1.23399997    
   1.23699999    
   1.24000001    
   1.24300003    
   1.24600005    
   1.24899995    
   1.25199997    
   1.25500000    
   1.25800002    
   1.26100004    
   1.26400006    
   1.26699996    
   1.26999998    
   1.27300000    
   1.27600002    
   1.27900004    
   1.28199995    
   1.28499997    
   1.28799999    
   1.29100001    
   1.29400003    
   1.29700005    
   1.29999995    
   1.30299997    
   1.30599999    
   1.30900002    
   1.31200004    
   1.31500006    
   1.31799996    
   1.32099998    
   1.32400000    
   1.32700002    
   1.33000004    
   1.33299994    
   1.33599997    
   1.33899999    
   1.34200001    
   1.34500003    
   1.34800005    
   1.35099995    
   1.35399997    
   1.35699999    
   1.36000001    
   1.36300004    
   1.36600006    
   1.36899996    
   1.37199998    
   1.37500000    
   1.37800002    
   1.38100004    
   1.38399994    
   1.38699996    
   1.38999999    
   1.39300001    
   1.39600003    
   1.39900005    
   1.40199995    
   1.40499997    
   1.40799999    
   1.41100001    
   1.41400003    
   1.41700006    
   1.41999996    
   1.42299998    
   1.42600000    
   1.42900002    
   1.43200004    
   1.43499994    
   1.43799996    
   1.44099998    
   1.44400001    
   1.44700003    
   1.45000005    
   1.45299995    
   1.45599997    
   1.45899999    
   1.46200001    
   1.46500003    
   1.46800005    
   1.47099996    
   1.47399998    
   1.47700000    
   1.48000002    
   1.48300004    
   1.48599994    
   1.48899996    
   1.49199998    
   1.49500000    
   1.49800003    
   1.50100005    
   1.50399995    
   1.50699997    
   1.50999999    
   1.51300001    
   1.51600003    
   1.51900005    
   1.52199996    
   1.52499998    
   1.52800000    
   1.53100002    
   1.53400004    
   1.53699994    
   1.53999996    
   1.54299998    
   1.54600000    
   1.54849994    
   1.54999995    
   1.55100000    
   1.55200005    
   1.55299997    
   1.55400002    
   1.55499995    
   1.55599999    
   1.55700004    
   1.55799997    
   1.55900002    
   1.55999994    
   1.56099999    
   1.56200004    
   1.56299996    
   1.56400001    
   1.56500006    
   1.56599998    
   1.56700003    
   1.56799996    
   1.56900001    
   1.57000005    
   1.57099998    
   1.57200003    
   1.57299995    
   1.57400000    
   1.57500005    
   1.57599998    
   1.57700002    
   1.57799995    
   1.57900000    
   1.58000004    
   1.58099997    
   1.58200002    
   1.58299994    
   1.58399999    
   1.58500004    
   1.58599997    
   1.58700001    
   1.58800006    
   1.58899999    
   1.59000003    
   1.59099996    
   1.59200001    
   1.59300005    
   1.59399998    
   1.59500003    
   1.59599996    
   1.59700000    
   1.59800005    
   1.59899998    
   1.60350001    
   1.61500001    
   1.63000000    
   1.64499998    
   1.65999997    
   1.67499995    
   1.69000006    
   1.70500004    
   1.71650004    
   1.72099996    
   1.72200000    
   1.72300005    
   1.72399998    
   1.72500002    
   1.72599995    
   1.72700000    
   1.72800004    
   1.72899997    
   1.73000002    
   1.73099995    
   1.73199999    
   1.73300004    
   1.73399997    
   1.73500001    
   1.73599994    
   1.73699999    
   1.73800004    
   1.73899996    
   1.74000001    
   1.74100006    
   1.74199998    
   1.74300003    
   1.74399996    
   1.74500000    
   1.74600005    
   1.74699998    
   1.74800003    
   1.74899995    
   1.75000000    
   1.75100005    
   1.75199997    
   1.75300002    
   1.75399995    
   1.75500000    
   1.75600004    
   1.75699997    
   1.75800002    
   1.75899994    
   1.75999999    
   1.76100004    
   1.76199996    
   1.76300001    
   1.76400006    
   1.76499999    
   1.76600003    
   1.76699996    
   1.76800001    
   1.76900005    
   1.76999998    
   1.77100003    
   1.77199996    
   1.77300000    
   1.77400005    
   1.77499998    
   1.77600002    
   1.77699995    
   1.77800000    
   1.77900004    
   1.77999997    
   1.78100002    
   1.78199995    
   1.78299999    
   1.78400004    
   1.78499997    
   1.78600001    
   1.78699994    
   1.78799999    
   1.78900003    
   1.78999996    
   1.79100001    
   1.79200006    
   1.79299998    
   1.79400003    
   1.79499996    
   1.79600000    
   1.79700005    
   1.79799998    
   1.79900002    
   1.79999995    
   1.80100000    
   1.80200005    
   1.80299997    
   1.80400002    
   1.80499995    
   1.80599999    
   1.80700004    
   1.80799997    
   1.80900002    
   1.80999994    
   1.81099999    
   1.81200004    
   1.81299996    
   1.81400001    
   1.81500006    
   1.81599998    
   1.81700003    
   1.81799996    
   1.81900001    
   1.82000005    
   1.82099998    
   1.82200003    
   1.82299995    
   1.82400000    
   1.82500005    
   1.82599998    
   1.82700002    
   1.82799995    
   1.82900000    
   1.83000004    
   1.83099997    
   1.83200002    
   1.83299994    
   1.83399999    
   1.83500004    
   1.83599997    
   1.83700001    
   1.83800006    
   1.83899999    
   1.84000003    
   1.84099996    
   1.84200001    
   1.84300005    
   1.84399998    
   1.84500003    
   1.84599996    
   1.84700000    
   1.84800005    
   1.84899998    
   1.85000002    
   1.85099995    
   1.85200000    
   1.85300004    
   1.85399997    
   1.85500002    
   1.85599995    
   1.85699999    
   1.85800004    
   1.85899997    
   1.86000001    
   1.86099994    
   1.86199999    
   1.86300004    
   1.86399996    
   1.86500001    
   1.86600006    
   1.86699998    
   1.86800003    
   1.86899996    
   1.87000000    
   1.87100005    
   1.87199998    
   1.87300003    
   1.87399995    
   1.87500000    
   1.87600005    
   1.87699997    
   1.87800002    
   1.87899995    
   1.88000000    
   1.88100004    
   1.88199997    
   1.88300002    
   1.88399994    
   1.88499999    
   1.88600004    
   1.88699996    
   1.88800001    
   1.88900006    
   1.88999999    
   1.89100003    
   1.89199996    
   1.89300001    
   1.89400005    
   1.89499998    
   1.89600003    
   1.89699996    
   1.89800000    
   1.89900005    
   1.89999998    
   1.90100002    
   1.90199995    
   1.90300000    
   1.90400004    
   1.90849996    
   1.91999996    
   1.93499994    
   1.95000005    
   1.96500003    
   1.98000002    
   1.99500000    
   2.00999999    
   2.02500010    
   2.03999996    
   2.05500007    
   2.06999993    
   2.08500004    
   2.09999990    
   2.11500001    
   2.13000011    
   2.14499998    
   2.16000009    
   2.17499995    
   2.18650007    
   2.19099998    
   2.19199991    
   2.19300008    
   2.19400001    
   2.19499993    
   2.19600010    
   2.19700003    
   2.19799995    
   2.19899988    
   2.20000005    
   2.20099998    
   2.20199990    
   2.20300007    
   2.20400000    
   2.20499992    
   2.20600009    
   2.20700002    
   2.20799994    
   2.20900011    
   2.21000004    
   2.21099997    
   2.21199989    
   2.21300006    
   2.21399999    
   2.21499991    
   2.21600008    
   2.21700001    
   2.21799994    
   2.21900010    
   2.22000003    
   2.22099996    
   2.22199988    
   2.22300005    
   2.22399998    
   2.22499990    
   2.22600007    
   2.22700000    
   2.22799993    
   2.22900009    
   2.23000002    
   2.23099995    
   2.23200011    
   2.23300004    
   2.23399997    
   2.23499990    
   2.23600006    
   2.23699999    
   2.23799992    
   2.23900008    
   2.24000001    
   2.24099994    
   2.24200010    
   2.24300003    
   2.24399996    
   2.24499989    
   2.24600005    
   2.24699998    
   2.24799991    
   2.24900007    
   2.25000000    
   2.25099993    
   2.25200009    
   2.25300002    
   2.25399995    
   2.25500011    
   2.25600004    
   2.25699997    
   2.25799990    
   2.25900006    
   2.25999999    
   2.26099992    
   2.26200008    
   2.26300001    
   2.26399994    
   2.26500010    
   2.26600003    
   2.26699996    
   2.26799989    
   2.26900005    
   2.26999998    
   2.27099991    
   2.27200007    
   2.27300000    
   2.27399993    
   2.27500010    
   2.27600002    
   2.27699995    
   2.27800012    
   2.27900004    
   2.27999997    
   2.28099990    
   2.28200006    
   2.28299999    
   2.28399992    
   2.28500009    
   2.28600001    
   2.28699994    
   2.28800011    
   2.28900003    
   2.28999996    
   2.29099989    
   2.29200006    
   2.29299998    
   2.29399991    
   2.29500008    
   2.29600000    
   2.29699993    
   2.29800010    
   2.29900002    
   2.29999995    
   2.30100012    
   2.30200005    
   2.30299997    
   2.30399990    
   2.30500007    
   2.30599999    
   2.30699992    
   2.30800009    
   2.30900002    
   2.30999994    
   2.31100011    
   2.31200004    
   2.31299996    
   2.31399989    
   2.31500006    
   2.31599998    
   2.31699991    
   2.31800008    
   2.31900001    
   2.31999993    
   2.32100010    
   2.32200003    
   2.32299995    
   2.32399988    
   2.32500005    
   2.32599998    
   2.32699990    
   2.32800007    
   2.32900000    
   2.32999992    
   2.33100009    
   2.33200002    
   2.33299994    
   2.33400011    
   2.33500004    
   2.33599997    
   2.33699989    
   2.33800006    
   2.33899999    
   2.33999991    
   2.34100008    
   2.34200001    
   2.34299994    
   2.34400010    
   2.34500003    
   2.34599996    
   2.34699988    
   2.34800005    
   2.34899998    
   2.34999990    
   2.35100007    
   2.35200000    
   2.35299993    
   2.35400009    
   2.35500002    
   2.35599995    
   2.35700011    
   2.35800004    
   2.35899997    
   2.35999990    
   2.36100006    
   2.36199999    
   2.36299992    
   2.36400008    
   2.36500001    
   2.36599994    
   2.36700010    
   2.36800003    
   2.36899996    
   2.36999989    
   2.37100005    
   2.37199998    
   2.37299991    
   2.37400007    
   2.37500000    
   2.37599993    
   2.37700009    
   2.37800002    
   2.37899995    
   2.38000011    
   2.38100004    
   2.38199997    
   2.38299990    
   2.38400006    
   2.38499999    
   2.38599992    
   2.38700008    
   2.38800001    
   2.38899994    
   2.39000010    
   2.39100003    
   2.39199996    
   2.39299989    
   2.39400005    
   2.39499998    
   2.39599991    
   2.39700007    
   2.39800000    
   2.39899993    
   2.40350008    
   2.41499996    
   2.43000007    
   2.44499993    
   2.46000004    
   2.47499990    
   2.49000001    
   2.50500011    
   2.51999998    
   2.53500009    
   2.54999995    
   2.56500006    
   2.57999992    
   2.59500003    
   2.60999990    
   2.62500000    
   2.64000010    
   2.65499997    
   2.67000008    
   2.68499994    
   2.70000005    
   2.71499991    
   2.73000002    
   2.74499989    
   2.75999999    
   2.77500010    
   2.78999996    
   2.80500007    
   2.81999993    
   2.83500004    
   2.84999990    
   2.86500001    
   2.88000011    
   2.89499998    
   2.91000009    
   2.92499995    
   2.94000006    
   2.95499992    
   2.97000003    
   2.98499990    
   3.00000000    
   3.01500010    
   3.02999997    
   3.04500008    
   3.05999994    
   3.07500005    
   3.08999991    
   3.10500002    
   3.11999989    
   3.13499999    
   3.15000010    
   3.16499996    
   3.18000007    
   3.19499993    
   3.21000004    
   3.22499990    
   3.24000001    
   3.25500011    
   3.26999998    
   3.28500009    
   3.29999995    
   3.31500006    
   3.32999992    
   3.34500003    
   3.35999990    
   3.37500000    
   3.39000010    
   3.40499997    
   3.42000008    
   3.43499994    
   3.45000005    
   3.46499991    
   3.48000002    
   3.49499989    
   3.50999999    
   3.52500010    
   3.53999996    
   3.55500007    
   3.56999993    
   3.58500004    
   3.59999990    
   3.61500001    
   3.63000011    
   3.64499998    
   3.66000009    
   3.67499995    
   3.69000006    
   3.70499992    
   3.72000003    
   3.73499990    
   3.75000000    
   3.76500010    
   3.77999997    
   3.79500008    
   3.80999994    
   3.82500005    
   3.83999991    
   3.85500002    
   3.86999989    
   3.88499999    
   3.90000010    
   3.91499996    
   3.93000007    
   3.94499993    
   3.96000004    
   3.97499990    
   3.99000001    
   4.00500011    
   4.01999998    
   4.03499985    
   4.05000019    
   4.06500006    
   4.07999992    
   4.09499979    
   4.11000013    
   4.12500000    
   4.13999987    
   4.15500021    
   4.17000008    
   4.18499994    
   4.19999981    
   4.21500015    
   4.23000002    
   4.24499989    
   4.26000023    
   4.27500010    
   4.28999996    
   4.30499983    
   4.32000017    
   4.33500004    
   4.34999990    
   4.36499977    
   4.38000011    
   4.39499998    
   4.40999985    
   4.42500019    
   4.44000006    
   4.45499992    
   4.46999979    
   4.48500013    
   4.50000000    
   4.51499987    
   4.53000021    
   4.54500008    
   4.55999994    
   4.57499981    
   4.59000015    
   4.60500002    
   4.61999989    
   4.63500023    
   4.65000010    
   4.66499996    
   4.67999983    
   4.69500017    
   4.71000004    
   4.72499990    
   4.73999977    
   4.75500011    
   4.76999998    
   4.78499985    
   4.80000019    
   4.81500006    
   4.82999992    
   4.84499979    
   4.86000013    
   4.87500000    
   4.88999987    
   4.90500021    
   4.92000008    
   4.93499994    
   4.94999981    
   4.96500015    
   4.98000002    
   4.99499989    
   5.01000023    
   5.02500010    
   5.03999996    
   5.05499983    
   5.07000017    
   5.08500004    
   5.09999990    
   5.11499977    
   5.13000011    
   5.14499998    
   5.15999985    
   5.17500019    
   5.19000006    
   5.20499992    
   5.21999979    
   5.23500013    
   5.25000000    
   5.26499987    
   5.28000021    
   5.29500008    
   5.30999994    
   5.32499981    
   5.34000015    
   5.35500002    
   5.36999989    
   5.38500023    
   5.40000010    
   5.41499996    
   5.42999983    
   5.44500017    
   5.46000004    
   5.47499990    
   5.48999977    
   5.50500011    
   5.51999998    
   5.53499985    
   5.55000019    
   5.56500006    
   5.57999992    
   5.59499979    
   5.61000013    
   5.62500000    
   5.63999987    
   5.65500021    
   5.67000008    
   5.68499994    
   5.69999981    
   5.71500015    
   5.73000002    
   5.74499989    
   5.76000023    
   5.77500010    
   5.78999996    
   5.80499983    
   5.82000017    
   5.83500004    
   5.84999990    
   5.86499977    
   5.88000011    
   5.89499998    
   5.90999985    
   5.92500019    
   5.94000006    
   5.95499992    
   5.96999979    
   5.98500013    
   6.00000000    
   6.01499987    
   6.03000021    
   6.04500008    
   6.05999994    
   6.07499981    
   6.09000015    
   6.10500002    
   6.11999989    
   6.13500023    
   6.15000010    
   6.16499996    
   6.17999983    
   6.19500017    
   6.21000004    
   6.22499990    
   6.23999977    
   6.25500011    
   6.26999998    
   6.28499985    
   6.30000019    
   6.31500006    
   6.32999992    
   6.34499979    
   6.36000013    
   6.37500000    
   6.38999987    
   6.40500021    
   6.42000008    
   6.43499994    
   6.44999981    
   6.46500015    
   6.48000002    
   6.49499989    
   6.51000023    
   6.52500010    
   6.53999996    
   6.55499983    
   6.57000017    
   6.58500004    
   6.59999990    
   6.61499977    
   6.63000011    
   6.64499998    
   6.65999985    
   6.67500019    
   6.69000006    
   6.70499992    
   6.71999979    
   6.73500013    
   6.75000000    
   6.76499987    
   6.78000021    
   6.79500008    
   6.80999994    
   6.82499981    
   6.84000015    
   6.85500002    
   6.86999989    
   6.88500023    
   6.90000010    
   6.91499996    
   6.92999983    
   6.94500017    
   6.96000004    
   6.97499990    
   6.98999977    
   7.00500011    
   7.01999998    
   7.03499985    
   7.05000019    
   7.06500006    
   7.07999992    
   7.09499979    
   7.11000013    
   7.12500000    
   7.13999987    
   7.15500021    
   7.17000008    
   7.18499994    
   7.19999981    
   7.21500015    
   7.23000002    
   7.24499989    
   7.26000023    
   7.27500010    
   7.28999996    
   7.30499983    
   7.32000017    
   7.33500004    
   7.34999990    
   7.36499977    
   7.38000011    
   7.39499998    
   7.40999985    
   7.42500019    
   7.44000006    
   7.45499992    
   7.46999979    
   7.48500013    
   7.50000000    
   7.51499987    
   7.53000021    
   7.54500008    
   7.55999994    
   7.57499981    
   7.59000015    
   7.60500002    
   7.61999989    
   7.63500023    
   7.65000010    
   7.66499996    
   7.67999983    
   7.69500017    
   7.71000004    
   7.72499990    
   7.73999977    
   7.75500011    
   7.76999998    
   7.78499985    
   7.80000019    
   7.81500006    
   7.82999992    
   7.84499979    
   7.86000013    
   7.87500000    
   7.88999987    
   7.90500021    
   7.92000008    
   7.93499994    
   7.94999981    
   7.96500015    
   7.98000002    
   7.99499989    
   8.01000023    
   8.02499962    
   8.03999996    
   8.05500031    
   8.06999969    
   8.08500004    
   8.10000038    
   8.11499977    
   8.13000011    
   8.14500046    
   8.15999985    
   8.17500019    
   8.18999958    
   8.20499992    
   8.22000027    
   8.23499966    
   8.25000000    
   8.26500034    
   8.27999973    
   8.29500008    
   8.31000042    
   8.32499981    
   8.34000015    
   8.35499954    
   8.36999989    
   8.38500023    
   8.39999962    
   8.41499996    
   8.43000031    
   8.44499969    
   8.46000004    
   8.47500038    
   8.48999977    
   8.50500011    
   8.52000046    
   8.53499985    
   8.55000019    
   8.56499958    
   8.57999992    
   8.59500027    
   8.60999966    
   8.62500000    
   8.64000034    
   8.65499973    
   8.67000008    
   8.68500042    
   8.69999981    
   8.71500015    
   8.72999954    
   8.74499989    
   8.76000023    
   8.77499962    
   8.78999996    
   8.80500031    
   8.81999969    
   8.83500004    
   8.85000038    
   8.86499977    
   8.88000011    
   8.89500046    
   8.90999985    
   8.92500019    
   8.93999958    
   8.95499992    
   8.97000027    
   8.98499966    
   9.00000000    
   9.01500034    
   9.02999973    
   9.04500008    
   9.06000042    
   9.07499981    
   9.09000015    
   9.10499954    
   9.11999989    
   9.13500023    
   9.14999962    
   9.16499996    
   9.18000031    
   9.19499969    
   9.21000004    
   9.22500038    
   9.23999977    
   9.25500011    
   9.27000046    
   9.28499985    
   9.30000019    
   9.31499958    
   9.32999992    
   9.34500027    
   9.35999966    
   9.37500000    
   9.39000034    
   9.40499973    
   9.42000008    
   9.43500042    
   9.44999981    
   9.46500015    
   9.47999954    
   9.49499989    
   9.51000023    
   9.52499962    
   9.53999996    
   9.55500031    
   9.56999969    
   9.58500004    
   9.60000038    
   9.61499977    
   9.63000011    
   9.64500046    
   9.65999985    
   9.67500019    
   9.68999958    
   9.70499992    
   9.72000027    
   9.73499966    
   9.75000000    
   9.76500034    
   9.77999973    
   9.79500008    
   9.81000042    
   9.82499981    
   9.84000015    
   9.85499954    
   9.86999989    
   9.88500023    
   9.89999962    
   9.91499996    
   9.93000031    
   9.94499969    
   9.96000004    
   9.97500038    
   9.98999977    
   10.0050001    
   10.0200005    
   10.0349998    
   10.0500002    
   10.0649996    
   10.0799999    
   10.0950003    
   10.1099997    
   10.1250000    
   10.1400003    
   10.1549997    
   10.1700001    
   10.1850004    
   10.1999998    
   10.2150002    
   10.2299995    
   10.2449999    
   10.2600002    
   10.2749996    
   10.2900000    
   10.3050003    
   10.3199997    
   10.3350000    
   10.3500004    
   10.3649998    
   10.3800001    
   10.3950005    
   10.4099998    
   10.4250002    
   10.4399996    
   10.4549999    
   10.4700003    
   10.4849997    
   10.5000000    
   10.5150003    
   10.5299997    
   10.5450001    
   10.5600004    
   10.5749998    
   10.5900002    
   10.6049995    
   10.6199999    
   10.6350002    
   10.6499996    
   10.6650000    
   10.6800003    
   10.6949997    
   10.7100000    
   10.7250004    
   10.7399998    
   10.7550001    
   10.7700005    
   10.7849998    
   10.8000002    
   10.8149996    
   10.8299999    
   10.8450003    
   10.8599997    
   10.8750000    
   10.8900003    
   10.9049997    
   10.9200001    
   10.9350004    
   10.9499998    
   10.9650002    
   10.9799995    
   10.9949999    
   11.0100002    
   11.0249996    
   11.0400000    
   11.0550003    
   11.0699997    
   11.0850000    
   11.1000004    
   11.1149998    
   11.1300001    
   11.1450005    
   11.1599998    
   11.1750002    
   11.1899996    
   11.2049999    
   11.2200003    
   11.2349997    
   11.2500000    
   11.2650003    
   11.2799997    
   11.2950001    
   11.3100004    
   11.3249998    
   11.3400002    
   11.3549995    
   11.3699999    
   11.3850002    
   11.3999996    
   11.4150000    
   11.4300003    
   11.4449997    
   11.4600000    
   11.4750004    
   11.4899998    
   11.5050001    
   11.5200005    
   11.5349998    
   11.5500002    
   11.5649996    
   11.5799999    
   11.5950003    
   11.6099997    
   11.6250000    
   11.6400003    
   11.6549997    
   11.6700001    
   11.6850004    
   11.6999998    
   11.7150002    
   11.7299995    
   11.7449999    
   11.7600002    
   11.7749996    
   11.7900000    
   11.8050003    
   11.8199997    
   11.8350000    
   11.8500004    
   11.8649998    
   11.8800001    
   11.8950005    
   11.9099998    
   11.9250002    
   11.9399996    
   11.9549999    
   11.9700003    
   11.9849997    
   12.0000000    
   12.0150003    
   12.0299997    
   12.0450001    
   12.0600004    
   12.0749998    
   12.0900002    
   12.1049995    
   12.1199999    
   12.1350002    
   12.1499996    
   12.1650000    
   12.1800003    
   12.1949997    
   12.2100000    
   12.2250004    
   12.2399998    
   12.2550001    
   12.2700005    
   12.2849998    
   12.3000002    
   12.3149996    
   12.3299999    
   12.3450003    
   12.3599997    
   12.3750000    
   12.3900003    
   12.4049997    
   12.4200001    
   12.4350004    
   12.4499998    
   12.4650002    
   12.4799995    
   12.4949999    
   12.5100002    
   12.5249996    
   12.5400000    
   12.5550003    
   12.5699997    
   12.5850000    
   12.6000004    
   12.6149998    
   12.6300001    
   12.6450005    
   12.6599998    
   12.6750002    
   12.6899996    
   12.7049999    
   12.7200003    
   12.7349997    
   12.7500000    
   12.7650003    
   12.7799997    
   12.7950001    
   12.8100004    
   12.8249998    
   12.8400002    
   12.8549995    
   12.8699999    
   12.8850002    
   12.8999996    
   12.9150000    
   12.9300003    
   12.9449997    
   12.9600000    
   12.9750004    
   12.9899998    
   13.0050001    
   13.0200005    
   13.0349998    
   13.0500002    
   13.0649996    
   13.0799999    
   13.0950003    
   13.1099997    
   13.1250000    
   13.1400003    
   13.1549997    
   13.1700001    
   13.1850004    
   13.1999998    
   13.2150002    
   13.2299995    
   13.2449999    
   13.2600002    
   13.2749996    
   13.2900000    
   13.3050003    
   13.3199997    
   13.3350000    
   13.3500004    
   13.3649998    
   13.3800001    
   13.3950005    
   13.4099998    
   13.4250002    
   13.4399996    
   13.4549999    
   13.4700003    
   13.4849997    
   13.5000000    
   13.5150003    
   13.5299997    
   13.5450001    
   13.5600004    
   13.5749998    
   13.5900002    
   13.6049995    
   13.6199999    
   13.6350002    
   13.6499996    
   13.6650000    
   13.6800003    
   13.6949997    
   13.7100000    
   13.7250004    
   13.7399998    
   13.7550001    
   13.7700005    
   13.7849998    
   13.8000002    
   13.8149996    
   13.8299999    
   13.8450003    
   13.8599997    
   13.8750000    
   13.8900003    
   13.9049997    
   13.9200001    
   13.9350004    
   13.9499998    
   13.9650002    
   13.9799995    
   13.9949999    
   14.0100002    
   14.0249996    
   14.0400000    
   14.0550003    
   14.0699997    
   14.0850000    
   14.1000004    
   14.1149998    
   14.1300001    
   14.1450005    
   14.1599998    
   14.1750002    
   14.1899996    
   14.2049999    
   14.2200003    
   14.2349997    
   14.2500000    
   14.2650003    
   14.2799997    
   14.2950001    
   14.3100004    
   14.3249998    
   14.3400002    
   14.3549995    
   14.3699999    
   14.3850002    
   14.3999996    
   14.4150000    
   14.4300003    
   14.4449997    
   14.4600000    
   14.4750004    
   14.4899998    
   14.5050001    
   14.5200005    
   14.5349998    
   14.5500002    
   14.5649996    
   14.5799999    
   14.5950003    
   14.6099997    
   14.6250000    
   14.6400003    
   14.6549997    
   14.6700001    
   14.6850004    
   14.6999998    
   14.7150002    
   14.7299995    
   14.7449999    
   14.7600002    
   14.7749996    
   14.7900000    
   14.8050003    
   14.8199997    
   14.8350000    
   14.8500004    
   14.8649998    
   14.8800001    
   14.8950005    
   14.9099998    
   14.9250002    
   14.9399996    
   14.9549999    
   14.9700003    
   14.9849997    
   15.0000000    
   15.0150003    
   15.0299997    
   15.0450001    
   15.0600004    
   15.0749998    
   15.0900002    
   15.1049995    
   15.1199999    
   15.1350002    
   15.1499996    
   15.1650000    
   15.1800003    
   15.1949997    
   15.2100000    
   15.2250004    
   15.2399998    
   15.2550001    
   15.2700005    
   15.2849998    
   15.3000002    
   15.3149996    
   15.3299999    
   15.3450003    
   15.3599997    
   15.3750000    
   15.3900003    
   15.4049997    
   15.4200001    
   15.4350004    
   15.4499998    
   15.4650002    
   15.4799995    
   15.4949999    
   15.5100002    
   15.5249996    
   15.5400000    
   15.5550003    
   15.5699997    
   15.5850000    
   15.6000004    
   15.6149998    
   15.6300001    
   15.6450005    
   15.6599998    
   15.6750002    
   15.6899996    
   15.7049999    
   15.7200003    
   15.7349997    
   15.7500000    
   15.7650003    
   15.7799997    
   15.7950001    
   15.8100004    
   15.8249998    
   15.8400002    
   15.8549995    
   15.8699999    
   15.8850002    
   15.8999996    
   15.9150000    
   15.9300003    
   15.9449997    
   15.9600000    
   15.9750004    
   15.9899998    
   16.0049992    
