   5.36998967E-03
   1.07398992E-02
   1.61096994E-02
   2.14792006E-02
   2.68484000E-02
   3.22173014E-02
   3.75857018E-02
   4.29534987E-02
   4.83208001E-02
   5.36874011E-02
   5.90532981E-02
   6.44182935E-02
   6.97823986E-02
   7.51454979E-02
   8.05075988E-02
   8.58685970E-02
   9.12284032E-02
   9.65868980E-02
  0.101944000    
  0.107300006    
  0.112654001    
  0.118007004    
  0.123358004    
  0.128707990    
  0.134054989    
  0.139401004    
  0.144744992    
  0.150087997    
  0.155427992    
  0.160766006    
  0.166102007    
  0.171434999    
  0.176766992    
  0.182095990    
  0.187423006    
  0.192746997    
  0.198069006    
  0.203388005    
  0.208705008    
  0.214019001    
  0.219330996    
  0.224639013    
  0.229945004    
  0.235247999    
  0.240548000    
  0.245845005    
  0.251139015    
  0.256430000    
  0.261717975    
  0.267003000    
  0.272285014    
  0.277562976    
  0.282839000    
  0.288111001    
  0.293379009    
  0.298644990    
  0.303905994    
  0.309165001    
  0.314420015    
  0.319670975    
  0.324919015    
  0.330164015    
  0.335403979    
  0.340642005    
  0.345874995    
  0.351105005    
  0.356330991    
  0.361553997    
  0.366773009    
  0.371987998    
  0.377198994    
  0.382407010    
  0.387609988    
  0.392809987    
  0.398006022    
  0.403199017    
  0.408387005    
  0.413571984    
  0.418752015    
  0.423928976    
  0.429102004    
  0.434271008    
  0.439436018    
  0.444596976    
  0.449755013    
  0.454907984    
  0.460058004    
  0.465203017    
  0.470344990    
  0.475483000    
  0.480617017    
  0.485747010    
  0.490872979    
  0.495994985    
  0.501114011    
  0.506227970    
  0.511339009    
  0.516444981    
  0.521547973    
  0.526646972    
  0.531742990    
  0.536834002    
  0.541921973    
  0.547006011    
  0.552085996    
  0.557161987    
  0.562234998    
  0.567304015    
  0.572369039    
  0.577430010    
  0.582488000    
  0.587541997    
  0.592593014    
  0.597640038    
  0.602683008    
  0.607722998    
  0.612758994    
  0.617792010    
  0.622822046    
  0.627846956    
  0.632870018    
  0.637888968    
  0.642903984    
  0.647916973    
  0.652926028    
  0.657931030    
  0.662934005    
  0.667932987    
  0.672928989    
  0.677922010    
  0.682911038    
  0.687898040    
  0.692880988    
  0.697861016    
  0.702839017    
  0.707812965    
  0.712783992    
  0.717752993    
  0.722718000    
  0.727681041    
  0.732640982    
  0.737598002    
  0.742551982    
  0.747502983    
  0.752452016    
  0.757398009    
  0.762341976    
  0.767283022    
  0.772221029    
  0.777157009    
  0.782090008    
  0.787020981    
  0.791948974    
  0.796875000    
  0.801798999    
  0.806719959    
  0.811640024    
  0.816556990    
  0.821471035    
  0.826383948    
  0.831294000    
  0.836202025    
  0.841109037    
  0.846013010    
  0.850914955    
  0.855814993    
  0.860714018    
  0.865610003    
  0.870504975    
  0.875398040    
  0.880289018    
  0.885177970    
  0.890065968    
  0.894951999    
  0.899836004    
  0.904718995    
  0.909599960    
  0.914479971    
  0.919357955    
  0.924234986    
  0.929111004    
  0.933984995    
  0.938857019    
  0.943728983    
  0.948598981    
  0.953468025    
  0.958335996    
  0.963202000    
  0.968068004    
  0.972931981    
  0.977795005    
  0.982658029    
  0.987518966    
  0.992379010    
  0.997238994    
   1.00209999    
   1.00696003    
   1.01180995    
   1.01666999    
   1.02152002    
   1.02638006    
   1.03122997    
   1.03609002    
   1.04093993    
   1.04579008    
   1.05063999    
   1.05549002    
   1.06033993    
   1.06518996    
   1.07003999    
   1.07489002    
   1.07974005    
   1.08458996    
   1.08943999    
   1.09428000    
   1.09913003    
   1.10397995    
   1.10882998    
   1.11366999    
   1.11852002    
   1.12337005    
   1.12820995    
   1.13306010    
   1.13789999    
   1.14275002    
   1.14759994    
   1.15243995    
   1.15728998    
   1.16214001    
   1.16698003    
   1.17182994    
   1.17668009    
   1.18151999    
   1.18637002    
   1.19121993    
   1.19606006    
   1.20091009    
   1.20576000    
   1.21061003    
   1.21545994    
   1.22031009    
   1.22516000    
   1.23000002    
   1.23484993    
   1.23970997    
   1.24456000    
   1.24941003    
   1.25426006    
   1.25910997    
   1.26396000    
   1.26881993    
   1.27367008    
   1.27853000    
   1.28338003    
   1.28823996    
   1.29308999    
   1.29794991    
   1.30281007    
   1.30767000    
   1.31252003    
   1.31737995    
   1.32224000    
   1.32710993    
   1.33196998    
   1.33682990    
   1.34168994    
   1.34656000    
   1.35142004    
   1.35628998    
   1.36115003    
   1.36601996    
   1.37089002    
   1.37574995    
   1.38062000    
   1.38548994    
   1.39037001    
   1.39523995    
   1.40011001    
   1.40497994    
   1.40986001    
   1.41472995    
   1.41961002    
   1.42448997    
   1.42936003    
   1.43423998    
   1.43912005    
   1.44400001    
   1.44887996    
   1.45377004    
   1.45864999    
   1.46354008    
   1.46842003    
   1.47331011    
   1.47818995    
   1.48307991    
   1.48796999    
   1.49285996    
   1.49775004    
   1.50264001    
   1.50753999    
   1.51243007    
   1.51732993    
   1.52222002    
   1.52711999    
   1.53201997    
   1.53692007    
   1.54181993    
   1.54672003    
   1.55162001    
   1.55651999    
   1.56143010    
   1.56632996    
   1.57123995    
   1.57614005    
   1.58105004    
   1.58595991    
   1.59087002    
   1.59578001    
   1.60068989    
   1.60560000    
   1.61052001    
   1.61543000    
   1.62035000    
   1.62526000    
   1.63018000    
   1.63510001    
   1.64002001    
   1.64493990    
   1.64986002    
   1.65478003    
   1.65969992    
   1.66463006    
   1.66955006    
   1.67447996    
   1.67939997    
   1.68432999    
   1.68926001    
   1.69418991    
   1.69912004    
   1.70405006    
   1.70897996    
   1.71390998    
   1.71885002    
   1.72378004    
   1.72871995    
   1.73364997    
   1.73859000    
   1.74353004    
   1.74846995    
   1.75340998    
   1.75835001    
   1.76329005    
   1.76822996    
   1.77316999    
   1.77811003    
   1.78306007    
   1.78799999    
   1.79294991    
   1.79790008    
   1.80283999    
   1.80779004    
   1.81273997    
   1.81768990    
   1.82264006    
   1.82758999    
   1.83255005    
   1.83749998    
   1.84244990    
   1.84741008    
   1.85236001    
   1.85731995    
   1.86227000    
   1.86722994    
   1.87219000    
   1.87714005    
   1.88209999    
   1.88706005    
   1.89201999    
   1.89697993    
   1.90193999    
   1.90691006    
   1.91187000    
   1.91682994    
   1.92180002    
   1.92675996    
   1.93173003    
   1.93668997    
   1.94166005    
   1.94661999    
   1.95158994    
   1.95656002    
   1.96152997    
   1.96650004    
   1.97147000    
   1.97643995    
   1.98141003    
   1.98637998    
   1.99134994    
   1.99631989    
   2.00129008    
   2.00626993    
   2.01124001    
   2.01621008    
   2.02118993    
   2.02616000    
   2.03114009    
   2.03610992    
   2.04109001    
   2.04606986    
   2.05103993    
   2.05602002    
   2.06100011    
   2.06597996    
   2.07096004    
   2.07593989    
   2.08091998    
   2.08589983    
   2.09087992    
   2.09586000    
   2.10084009    
   2.10582018    
   2.11080003    
   2.11578012    
   2.12076998    
   2.12575006    
   2.13072991    
   2.13571000    
   2.14069986    
   2.14567995    
   2.15066981    
   2.15564990    
   2.16064000    
   2.16562009    
   2.17061019    
   2.17559004    
   2.18058014    
   2.18557000    
   2.19055009    
   2.19553995    
   2.20053005    
   2.20551991    
   2.21050000    
   2.21549010    
   2.22047997    
   2.22547007    
   2.23045993    
   2.23545003    
   2.24043989    
   2.24542999    
   2.25041986    
   2.25540996    
   2.26039982    
   2.26538992    
   2.27037978    
   2.27537012    
   2.28036022    
   2.28535008    
   2.29034019    
   2.29533005    
   2.30032015    
   2.30532002    
   2.31031013    
   2.31529999    
   2.32029009    
   2.32528996    
   2.33028007    
   2.33526993    
   2.34027004    
   2.34525990    
   2.35025001    
   2.35524988    
   2.36023998    
   2.36523008    
   2.37022996    
   2.37522006    
   2.38021994    
   2.38521004    
   2.39020991    
   2.39520001    
   2.40018988    
   2.40518999    
   2.41017985    
   2.41517997    
   2.42016983    
   2.42516994    
   2.43016982    
   2.43515992    
   2.44015980    
   2.44514990    
   2.45015001    
   2.45513988    
   2.46013999    
   2.46513987    
   2.47012997    
   2.47512984    
   2.48012996    
   2.48512006    
   2.49012017    
   2.49512005    
   2.50011015    
   2.50511003    
   2.51011014    
   2.51510000    
   2.52010012    
   2.52509999    
   2.53010011    
   2.53508997    
   2.54009008    
   2.54509020    
   2.55009007    
   2.55508018    
   2.56008005    
   2.56508017    
   2.57008004    
   2.57507014    
   2.58007002    
   2.58507013    
   2.59007001    
   2.59507012    
   2.60007000    
   2.60506010    
   2.61005998    
   2.61506009    
   2.62005997    
   2.62506008    
   2.63004994    
   2.63505006    
   2.64004993    
   2.64505005    
   2.65005016    
   2.65505004    
   2.66005015    
   2.66504002    
   2.67004013    
   2.67504001    
   2.68004012    
   2.68504000    
   2.69004011    
   2.69503999    
   2.70004010    
   2.70503998    
   2.71003008    
   2.71502995    
   2.72003007    
   2.72502995    
   2.73003006    
   2.73502994    
   2.74003005    
   2.74502993    
   2.75003004    
   2.75502992    
   2.76002002    
   2.76502013    
   2.77002001    
   2.77502012    
   2.78002000    
   2.78502011    
   2.79001999    
   2.79502010    
   2.80001998    
   2.80502009    
   2.81001997    
   2.81502008    
   2.82001996    
   2.82502007    
   2.83001995    
   2.83502007    
   2.84000993    
   2.84501004    
   2.85000992    
   2.85501003    
   2.86000991    
   2.86501002    
   2.87000990    
   2.87501001    
   2.88001013    
   2.88501000    
   2.89001012    
   2.89500999    
   2.90001011    
   2.90500998    
   2.91001010    
   2.91500998    
   2.92001009    
   2.92500997    
   2.93001008    
   2.93500996    
   2.94001007    
   2.94500995    
   2.95001006    
   2.95500994    
   2.96001005    
   2.96500993    
   2.97001004    
   2.97500992    
   2.98001003    
   2.98500991    
   2.99001002    
   2.99500990    
   3.00001001    
   3.00501013    
   3.01001000    
   3.01500010    
   3.01999998    
   3.02500010    
   3.02999997    
   3.03500009    
   3.03999996    
   3.04500008    
   3.04999995    
   3.05500007    
   3.05999994    
   3.06500006    
   3.06999993    
   3.07500005    
   3.07999992    
   3.08500004    
   3.08999991    
   3.09500003    
   3.09999990    
   3.10500002    
   3.10999990    
   3.11500001    
   3.11999989    
   3.12500000    
   3.13000011    
   3.13499999    
   3.14000010    
   3.14499998    
   3.15000010    
   3.15499997    
   3.16000009    
   3.16499996    
   3.17000008    
   3.17499995    
   3.18000007    
   3.18499994    
   3.19000006    
   3.19499993    
   3.20000005    
   3.20499992    
   3.21000004    
   3.21499991    
   3.22000003    
   3.22499990    
   3.23000002    
   3.23499990    
   3.24000001    
   3.24499989    
   3.25000000    
   3.25500011    
   3.25999999    
   3.26500010    
   3.26999998    
   3.27500010    
   3.27999997    
   3.28500009    
   3.28999996    
   3.29500008    
   3.29999995    
   3.30500007    
   3.30999994    
   3.31500006    
   3.31999993    
   3.32500005    
   3.32999992    
   3.33500004    
   3.33999991    
   3.34500003    
   3.34999990    
   3.35500002    
   3.35999990    
   3.36500001    
   3.36999989    
   3.37500000    
   3.38000011    
   3.38499999    
   3.39000010    
   3.39499998    
   3.40000010    
   3.40499997    
   3.41000009    
   3.41499996    
   3.42000008    
   3.42499995    
   3.43000007    
   3.43499994    
   3.44000006    
   3.44499993    
   3.45000005    
   3.45499992    
   3.46000004    
   3.46499991    
   3.47000003    
   3.47499990    
   3.48000002    
   3.48499990    
   3.49000001    
   3.49499989    
   3.50000000    
   3.50500011    
   3.50999999    
   3.51500010    
   3.51999998    
   3.52500010    
   3.52999997    
   3.53500009    
   3.53999996    
   3.54500008    
   3.54999995    
   3.55500007    
   3.55999994    
   3.56500006    
   3.56999993    
   3.57500005    
   3.57999992    
   3.58500004    
   3.58999991    
   3.59500003    
   3.59999990    
   3.60500002    
   3.60999990    
   3.61500001    
   3.61999989    
   3.62500000    
   3.63000011    
   3.63499999    
   3.64000010    
   3.64499998    
   3.65000010    
   3.65499997    
   3.66000009    
   3.66499996    
   3.67000008    
   3.67499995    
   3.68000007    
   3.68499994    
   3.69000006    
   3.69499993    
   3.70000005    
   3.70499992    
   3.71000004    
   3.71499991    
   3.72000003    
   3.72499990    
   3.73000002    
   3.73499990    
   3.74000001    
   3.74499989    
   3.75000000    
   3.75500011    
   3.75999999    
   3.76500010    
   3.76999998    
   3.77500010    
   3.77999997    
   3.78500009    
   3.78999996    
   3.79500008    
   3.79999995    
   3.80500007    
   3.80999994    
   3.81500006    
   3.81999993    
   3.82500005    
   3.82999992    
   3.83500004    
   3.83999991    
   3.84500003    
   3.84999990    
   3.85500002    
   3.85999990    
   3.86500001    
   3.86999989    
   3.87500000    
   3.88000011    
   3.88499999    
   3.89000010    
   3.89499998    
   3.90000010    
   3.90499997    
   3.91000009    
   3.91499996    
   3.92000008    
   3.92499995    
   3.93000007    
   3.93499994    
   3.94000006    
   3.94499993    
   3.95000005    
   3.95499992    
   3.96000004    
   3.96499991    
   3.97000003    
   3.97499990    
   3.98000002    
   3.98499990    
   3.99000001    
   3.99499989    
   4.00000000    
   4.00500011    
   4.01000023    
   4.01499987    
   4.01999998    
   4.02500010    
   4.03000021    
   4.03499985    
   4.03999996    
   4.04500008    
   4.05000019    
   4.05499983    
   4.05999994    
   4.06500006    
   4.07000017    
   4.07499981    
   4.07999992    
   4.08500004    
   4.09000015    
   4.09499979    
   4.09999990    
   4.10500002    
   4.11000013    
   4.11499977    
   4.11999989    
   4.12500000    
   4.13000011    
   4.13500023    
   4.13999987    
   4.14499998    
   4.15000010    
   4.15500021    
   4.15999985    
   4.16499996    
   4.17000008    
   4.17500019    
   4.17999983    
   4.18499994    
   4.19000006    
   4.19500017    
   4.19999981    
   4.20499992    
   4.21000004    
   4.21500015    
   4.21999979    
   4.22499990    
   4.23000002    
   4.23500013    
   4.23999977    
   4.24499989    
   4.25000000    
   4.25500011    
   4.26000023    
   4.26499987    
   4.26999998    
   4.27500010    
   4.28000021    
   4.28499985    
   4.28999996    
   4.29500008    
   4.30000019    
   4.30499983    
   4.30999994    
   4.31500006    
   4.32000017    
   4.32499981    
   4.32999992    
   4.33500004    
   4.34000015    
   4.34499979    
   4.34999990    
   4.35500002    
   4.36000013    
   4.36499977    
   4.36999989    
   4.37500000    
   4.38000011    
   4.38500023    
   4.38999987    
   4.39499998    
   4.40000010    
   4.40500021    
   4.40999985    
   4.41499996    
   4.42000008    
   4.42500019    
   4.42999983    
   4.43499994    
   4.44000006    
   4.44500017    
   4.44999981    
   4.45499992    
   4.46000004    
   4.46500015    
   4.46999979    
   4.47499990    
   4.48000002    
   4.48500013    
   4.48999977    
   4.49499989    
   4.50000000    
   4.50500011    
   4.51000023    
   4.51499987    
   4.51999998    
   4.52500010    
   4.53000021    
   4.53499985    
   4.53999996    
   4.54500008    
   4.55000019    
   4.55499983    
   4.55999994    
   4.56500006    
   4.57000017    
   4.57499981    
   4.57999992    
   4.58500004    
   4.59000015    
   4.59499979    
   4.59999990    
   4.60500002    
   4.61000013    
   4.61499977    
   4.61999989    
   4.62500000    
   4.63000011    
   4.63500023    
   4.63999987    
   4.64499998    
   4.65000010    
   4.65500021    
   4.65999985    
   4.66499996    
   4.67000008    
   4.67500019    
   4.67999983    
   4.68499994    
   4.69000006    
   4.69500017    
   4.69999981    
   4.70499992    
   4.71000004    
   4.71500015    
   4.71999979    
   4.72499990    
   4.73000002    
   4.73500013    
   4.73999977    
   4.74499989    
   4.75000000    
   4.75500011    
   4.76000023    
   4.76499987    
   4.76999998    
   4.77500010    
   4.78000021    
   4.78499985    
   4.78999996    
   4.79500008    
   4.80000019    
   4.80499983    
   4.80999994    
   4.81500006    
   4.82000017    
   4.82499981    
   4.82999992    
   4.83500004    
   4.84000015    
   4.84499979    
   4.84999990    
   4.85500002    
   4.86000013    
   4.86499977    
   4.86999989    
   4.87500000    
   4.88000011    
   4.88500023    
   4.88999987    
   4.89499998    
   4.90000010    
   4.90500021    
   4.90999985    
   4.91499996    
   4.92000008    
   4.92500019    
   4.92999983    
   4.93499994    
   4.94000006    
   4.94500017    
   4.94999981    
   4.95499992    
   4.96000004    
   4.96500015    
   4.96999979    
   4.97499990    
   4.98000002    
   4.98500013    
   4.98999977    
   4.99499989    
   5.00000000    
   5.00500011    
   5.01000023    
   5.01499987    
   5.01999998    
   5.02500010    
   5.03000021    
   5.03499985    
   5.03999996    
   5.04500008    
   5.05000019    
   5.05499983    
   5.05999994    
   5.06500006    
   5.07000017    
   5.07499981    
   5.07999992    
   5.08500004    
   5.09000015    
   5.09499979    
   5.09999990    
   5.10500002    
   5.11000013    
   5.11499977    
   5.11999989    
   5.12500000    
   5.13000011    
   5.13500023    
   5.13999987    
   5.14499998    
   5.15000010    
   5.15500021    
   5.15999985    
   5.16499996    
   5.17000008    
   5.17500019    
   5.17999983    
   5.18499994    
   5.19000006    
   5.19500017    
   5.19999981    
   5.20499992    
   5.21000004    
   5.21500015    
   5.21999979    
   5.22499990    
   5.23000002    
   5.23500013    
   5.23999977    
   5.24499989    
   5.25000000    
   5.25500011    
   5.26000023    
   5.26499987    
   5.26999998    
   5.27500010    
   5.28000021    
   5.28499985    
   5.28999996    
   5.29500008    
   5.30000019    
   5.30499983    
   5.30999994    
   5.31500006    
   5.32000017    
   5.32499981    
   5.32999992    
   5.33500004    
   5.34000015    
   5.34499979    
   5.34999990    
   5.35500002    
   5.36000013    
   5.36499977    
   5.36999989    
   5.37500000    
   5.38000011    
   5.38500023    
   5.38999987    
   5.39499998    
   5.40000010    
   5.40500021    
   5.40999985    
   5.41499996    
   5.42000008    
   5.42500019    
   5.42999983    
   5.43499994    
   5.44000006    
   5.44500017    
   5.44999981    
   5.45499992    
   5.46000004    
   5.46500015    
   5.46999979    
   5.47499990    
   5.48000002    
   5.48500013    
   5.48999977    
   5.49499989    
   5.50000000    
   5.50500011    
   5.51000023    
   5.51499987    
   5.51999998    
   5.52500010    
   5.53000021    
   5.53499985    
   5.53999996    
   5.54500008    
   5.55000019    
   5.55499983    
   5.55999994    
   5.56500006    
   5.57000017    
   5.57499981    
   5.57999992    
   5.58500004    
   5.59000015    
   5.59499979    
   5.59999990    
   5.60500002    
   5.61000013    
   5.61499977    
   5.61999989    
   5.62500000    
   5.63000011    
   5.63500023    
   5.63999987    
   5.64499998    
   5.65000010    
   5.65500021    
   5.65999985    
   5.66499996    
   5.67000008    
   5.67500019    
   5.67999983    
   5.68499994    
   5.69000006    
   5.69500017    
   5.69999981    
   5.70499992    
   5.71000004    
   5.71500015    
   5.71999979    
   5.72499990    
   5.73000002    
   5.73500013    
   5.73999977    
   5.74499989    
   5.75000000    
   5.75500011    
   5.76000023    
   5.76499987    
   5.76999998    
   5.77500010    
   5.78000021    
   5.78499985    
   5.78999996    
   5.79500008    
   5.80000019    
   5.80499983    
   5.80999994    
   5.81500006    
   5.82000017    
   5.82499981    
   5.82999992    
   5.83500004    
   5.84000015    
   5.84499979    
   5.84999990    
   5.85500002    
   5.86000013    
   5.86499977    
   5.86999989    
   5.87500000    
   5.88000011    
   5.88500023    
   5.88999987    
   5.89499998    
   5.90000010    
   5.90500021    
   5.90999985    
   5.91499996    
   5.92000008    
   5.92500019    
   5.92999983    
   5.93499994    
   5.94000006    
   5.94500017    
   5.94999981    
   5.95499992    
   5.96000004    
   5.96500015    
   5.96999979    
   5.97499990    
   5.98000002    
   5.98500013    
   5.98999977    
   5.99499989    
   6.00000000    
   6.00500011    
   6.01000023    
   6.01499987    
   6.01999998    
   6.02500010    
   6.03000021    
   6.03499985    
   6.03999996    
   6.04500008    
   6.05000019    
   6.05499983    
   6.05999994    
   6.06500006    
   6.07000017    
   6.07499981    
   6.07999992    
   6.08500004    
   6.09000015    
   6.09499979    
   6.09999990    
   6.10500002    
   6.11000013    
   6.11499977    
   6.11999989    
   6.12500000    
   6.13000011    
   6.13500023    
   6.13999987    
   6.14499998    
   6.15000010    
   6.15500021    
   6.15999985    
   6.16499996    
   6.17000008    
   6.17500019    
   6.17999983    
   6.18499994    
   6.19000006    
   6.19500017    
   6.19999981    
   6.20499992    
   6.21000004    
   6.21500015    
   6.21999979    
   6.22499990    
   6.23000002    
   6.23500013    
   6.23999977    
   6.24499989    
   6.25000000    
   6.25500011    
   6.26000023    
   6.26499987    
   6.26999998    
   6.27500010    
   6.28000021    
   6.28499985    
   6.28999996    
   6.29500008    
   6.30000019    
   6.30499983    
   6.30999994    
   6.31500006    
   6.32000017    
   6.32499981    
   6.32999992    
   6.33500004    
   6.34000015    
   6.34499979    
   6.34999990    
   6.35500002    
   6.36000013    
   6.36499977    
   6.36999989    
   6.37500000    
   6.38000011    
   6.38500023    
   6.38999987    
   6.39499998    
   6.40000010    
   6.40500021    
   6.40999985    
   6.41499996    
   6.42000008    
   6.42500019    
   6.42999983    
   6.43499994    
   6.44000006    
   6.44500017    
   6.44999981    
   6.45499992    
   6.46000004    
   6.46500015    
   6.46999979    
   6.47499990    
   6.48000002    
   6.48500013    
   6.48999977    
   6.49499989    
   6.50000000    
   6.50500011    
   6.51000023    
   6.51499987    
   6.51999998    
   6.52500010    
   6.53000021    
   6.53499985    
   6.53999996    
   6.54500008    
   6.55000019    
   6.55499983    
   6.55999994    
   6.56500006    
   6.57000017    
   6.57499981    
   6.57999992    
   6.58500004    
   6.59000015    
   6.59499979    
   6.59999990    
   6.60500002    
   6.61000013    
   6.61499977    
   6.61999989    
   6.62500000    
   6.63000011    
   6.63500023    
   6.63999987    
   6.64499998    
   6.65000010    
   6.65500021    
   6.65999985    
   6.66499996    
   6.67000008    
   6.67500019    
   6.67999983    
   6.68499994    
   6.69000006    
   6.69500017    
   6.69999981    
   6.70499992    
   6.71000004    
   6.71500015    
   6.71999979    
   6.72499990    
   6.73000002    
   6.73500013    
   6.73999977    
   6.74499989    
   6.75000000    
   6.75500011    
   6.76000023    
   6.76499987    
   6.76999998    
   6.77500010    
   6.78000021    
   6.78499985    
   6.78999996    
   6.79500008    
   6.80000019    
   6.80499983    
   6.80999994    
   6.81500006    
   6.82000017    
   6.82499981    
   6.82999992    
   6.83500004    
   6.84000015    
   6.84499979    
   6.84999990    
   6.85500002    
   6.86000013    
   6.86499977    
   6.86999989    
   6.87500000    
   6.88000011    
   6.88500023    
   6.88999987    
   6.89499998    
   6.90000010    
   6.90500021    
   6.90999985    
   6.91499996    
   6.92000008    
   6.92500019    
   6.92999983    
   6.93499994    
   6.94000006    
   6.94500017    
   6.94999981    
   6.95499992    
   6.96000004    
   6.96500015    
   6.96999979    
   6.97499990    
   6.98000002    
   6.98500013    
   6.98999977    
   6.99499989    
   7.00000000    
   7.00500011    
   7.01000023    
   7.01499987    
   7.01999998    
   7.02500010    
   7.03000021    
   7.03499985    
   7.03999996    
   7.04500008    
   7.05000019    
   7.05499983    
   7.05999994    
   7.06500006    
   7.07000017    
   7.07499981    
   7.07999992    
   7.08500004    
   7.09000015    
   7.09499979    
   7.09999990    
   7.10500002    
   7.11000013    
   7.11499977    
   7.11999989    
   7.12500000    
   7.13000011    
   7.13500023    
   7.13999987    
   7.14499998    
   7.15000010    
   7.15500021    
   7.15999985    
   7.16499996    
   7.17000008    
   7.17500019    
   7.17999983    
   7.18499994    
   7.19000006    
   7.19500017    
   7.19999981    
   7.20499992    
   7.21000004    
   7.21500015    
   7.21999979    
   7.22499990    
   7.23000002    
   7.23500013    
   7.23999977    
   7.24499989    
   7.25000000    
   7.25500011    
   7.26000023    
   7.26499987    
   7.26999998    
   7.27500010    
   7.28000021    
   7.28499985    
   7.28999996    
   7.29500008    
   7.30000019    
   7.30499983    
   7.30999994    
   7.31500006    
   7.32000017    
   7.32499981    
   7.32999992    
   7.33500004    
   7.34000015    
   7.34499979    
   7.34999990    
   7.35500002    
   7.36000013    
   7.36499977    
   7.36999989    
   7.37500000    
   7.38000011    
   7.38500023    
   7.38999987    
   7.39499998    
   7.40000010    
   7.40500021    
   7.40999985    
   7.41499996    
   7.42000008    
   7.42500019    
   7.42999983    
   7.43499994    
   7.44000006    
   7.44500017    
   7.44999981    
   7.45499992    
   7.46000004    
   7.46500015    
   7.46999979    
   7.47499990    
   7.48000002    
   7.48500013    
   7.48999977    
   7.49499989    
   7.50000000    
   7.50500011    
   7.51000023    
   7.51499987    
   7.51999998    
   7.52500010    
   7.53000021    
   7.53499985    
   7.53999996    
   7.54500008    
   7.55000019    
   7.55499983    
   7.55999994    
   7.56500006    
   7.57000017    
   7.57499981    
   7.57999992    
   7.58500004    
   7.59000015    
   7.59499979    
   7.59999990    
   7.60500002    
   7.61000013    
   7.61499977    
   7.61999989    
   7.62500000    
   7.63000011    
   7.63500023    
   7.63999987    
   7.64499998    
   7.65000010    
   7.65500021    
   7.65999985    
   7.66499996    
   7.67000008    
   7.67500019    
   7.67999983    
   7.68499994    
   7.69000006    
   7.69500017    
   7.69999981    
   7.70499992    
   7.71000004    
   7.71500015    
   7.71999979    
   7.72499990    
   7.73000002    
   7.73500013    
   7.73999977    
   7.74499989    
   7.75000000    
   7.75500011    
   7.76000023    
   7.76499987    
   7.76999998    
   7.77500010    
   7.78000021    
   7.78499985    
   7.78999996    
   7.79500008    
   7.80000019    
   7.80499983    
   7.80999994    
   7.81500006    
   7.82000017    
   7.82499981    
   7.82999992    
   7.83500004    
   7.84000015    
   7.84499979    
   7.84999990    
   7.85500002    
   7.86000013    
   7.86499977    
   7.86999989    
   7.87500000    
   7.88000011    
   7.88500023    
   7.88999987    
   7.89499998    
   7.90000010    
   7.90500021    
   7.90999985    
   7.91499996    
   7.92000008    
   7.92500019    
   7.92999983    
   7.93499994    
   7.94000006    
   7.94500017    
   7.94999981    
   7.95499992    
   7.96000004    
   7.96500015    
   7.96999979    
   7.97499990    
   7.98000002    
   7.98500013    
   7.98999977    
   7.99499989    
   8.00000000    
   8.00500011    
   8.01000023    
   8.01500034    
   8.02000046    
   8.02499962    
   8.02999973    
   8.03499985    
   8.03999996    
   8.04500008    
   8.05000019    
   8.05500031    
   8.06000042    
   8.06499958    
   8.06999969    
   8.07499981    
   8.07999992    
   8.08500004    
   8.09000015    
   8.09500027    
   8.10000038    
   8.10499954    
   8.10999966    
   8.11499977    
   8.11999989    
   8.12500000    
   8.13000011    
   8.13500023    
   8.14000034    
   8.14500046    
   8.14999962    
   8.15499973    
   8.15999985    
   8.16499996    
   8.17000008    
   8.17500019    
   8.18000031    
   8.18500042    
   8.18999958    
   8.19499969    
   8.19999981    
   8.20499992    
   8.21000004    
   8.21500015    
   8.22000027    
   8.22500038    
   8.22999954    
   8.23499966    
   8.23999977    
   8.24499989    
   8.25000000    
   8.25500011    
   8.26000023    
   8.26500034    
   8.27000046    
   8.27499962    
   8.27999973    
   8.28499985    
   8.28999996    
   8.29500008    
   8.30000019    
   8.30500031    
   8.31000042    
   8.31499958    
   8.31999969    
   8.32499981    
   8.32999992    
   8.33500004    
   8.34000015    
   8.34500027    
   8.35000038    
   8.35499954    
   8.35999966    
   8.36499977    
   8.36999989    
   8.37500000    
   8.38000011    
   8.38500023    
   8.39000034    
   8.39500046    
   8.39999962    
   8.40499973    
   8.40999985    
   8.41499996    
   8.42000008    
   8.42500019    
   8.43000031    
   8.43500042    
   8.43999958    
   8.44499969    
   8.44999981    
   8.45499992    
   8.46000004    
   8.46500015    
   8.47000027    
   8.47500038    
   8.47999954    
   8.48499966    
   8.48999977    
   8.49499989    
   8.50000000    
   8.50500011    
   8.51000023    
   8.51500034    
   8.52000046    
   8.52499962    
   8.52999973    
   8.53499985    
   8.53999996    
   8.54500008    
   8.55000019    
   8.55500031    
   8.56000042    
   8.56499958    
   8.56999969    
   8.57499981    
   8.57999992    
   8.58500004    
   8.59000015    
   8.59500027    
   8.60000038    
   8.60499954    
   8.60999966    
   8.61499977    
   8.61999989    
   8.62500000    
   8.63000011    
   8.63500023    
   8.64000034    
   8.64500046    
   8.64999962    
   8.65499973    
   8.65999985    
   8.66499996    
   8.67000008    
   8.67500019    
   8.68000031    
   8.68500042    
   8.68999958    
   8.69499969    
   8.69999981    
   8.70499992    
   8.71000004    
   8.71500015    
   8.72000027    
   8.72500038    
   8.72999954    
   8.73499966    
   8.73999977    
   8.74499989    
   8.75000000    
   8.75500011    
   8.76000023    
   8.76500034    
   8.77000046    
   8.77499962    
   8.77999973    
   8.78499985    
   8.78999996    
   8.79500008    
   8.80000019    
   8.80500031    
   8.81000042    
   8.81499958    
   8.81999969    
   8.82499981    
   8.82999992    
   8.83500004    
   8.84000015    
   8.84500027    
   8.85000038    
   8.85499954    
   8.85999966    
   8.86499977    
   8.86999989    
   8.87500000    
   8.88000011    
   8.88500023    
   8.89000034    
   8.89500046    
   8.89999962    
   8.90499973    
   8.90999985    
   8.91499996    
   8.92000008    
   8.92500019    
   8.93000031    
   8.93500042    
   8.93999958    
   8.94499969    
   8.94999981    
   8.95499992    
   8.96000004    
   8.96500015    
   8.97000027    
   8.97500038    
   8.97999954    
   8.98499966    
   8.98999977    
   8.99499989    
   9.00000000    
   9.00500011    
   9.01000023    
   9.01500034    
   9.02000046    
   9.02499962    
   9.02999973    
   9.03499985    
   9.03999996    
   9.04500008    
   9.05000019    
   9.05500031    
   9.06000042    
   9.06499958    
   9.06999969    
   9.07499981    
   9.07999992    
   9.08500004    
   9.09000015    
   9.09500027    
   9.10000038    
   9.10499954    
   9.10999966    
   9.11499977    
   9.11999989    
   9.12500000    
   9.13000011    
   9.13500023    
   9.14000034    
   9.14500046    
   9.14999962    
   9.15499973    
   9.15999985    
   9.16499996    
   9.17000008    
   9.17500019    
   9.18000031    
   9.18500042    
   9.18999958    
   9.19499969    
   9.19999981    
   9.20499992    
   9.21000004    
   9.21500015    
   9.22000027    
   9.22500038    
   9.22999954    
   9.23499966    
   9.23999977    
   9.24499989    
   9.25000000    
   9.25500011    
   9.26000023    
   9.26500034    
   9.27000046    
   9.27499962    
   9.27999973    
   9.28499985    
   9.28999996    
   9.29500008    
   9.30000019    
   9.30500031    
   9.31000042    
   9.31499958    
   9.31999969    
   9.32499981    
   9.32999992    
   9.33500004    
   9.34000015    
   9.34500027    
   9.35000038    
   9.35499954    
   9.35999966    
   9.36499977    
   9.36999989    
   9.37500000    
   9.38000011    
   9.38500023    
   9.39000034    
   9.39500046    
   9.39999962    
   9.40499973    
   9.40999985    
   9.41499996    
   9.42000008    
   9.42500019    
   9.43000031    
   9.43500042    
   9.43999958    
   9.44499969    
   9.44999981    
   9.45499992    
   9.46000004    
   9.46500015    
   9.47000027    
   9.47500038    
   9.47999954    
   9.48499966    
   9.48999977    
   9.49499989    
   9.50000000    
   9.50500011    
   9.51000023    
   9.51500034    
   9.52000046    
   9.52499962    
   9.52999973    
   9.53499985    
   9.53999996    
   9.54500008    
   9.55000019    
   9.55500031    
   9.56000042    
   9.56499958    
   9.56999969    
   9.57499981    
   9.57999992    
   9.58500004    
   9.59000015    
   9.59500027    
   9.60000038    
   9.60499954    
   9.60999966    
   9.61499977    
   9.61999989    
   9.62500000    
   9.63000011    
   9.63500023    
   9.64000034    
   9.64500046    
   9.64999962    
   9.65499973    
   9.65999985    
   9.66499996    
   9.67000008    
   9.67500019    
   9.68000031    
   9.68500042    
   9.68999958    
   9.69499969    
   9.69999981    
   9.70499992    
   9.71000004    
   9.71500015    
   9.72000027    
   9.72500038    
   9.72999954    
   9.73499966    
   9.73999977    
   9.74499989    
   9.75000000    
   9.75500011    
   9.76000023    
   9.76500034    
   9.77000046    
   9.77499962    
   9.77999973    
   9.78499985    
   9.78999996    
   9.79500008    
   9.80000019    
   9.80500031    
   9.81000042    
   9.81499958    
   9.81999969    
   9.82499981    
   9.82999992    
   9.83500004    
   9.84000015    
   9.84500027    
   9.85000038    
   9.85499954    
   9.85999966    
   9.86499977    
   9.86999989    
   9.87500000    
   9.88000011    
   9.88500023    
   9.89000034    
   9.89500046    
   9.89999962    
   9.90499973    
   9.90999985    
   9.91499996    
   9.92000008    
   9.92500019    
   9.93000031    
   9.93500042    
   9.93999958    
   9.94499969    
   9.94999981    
   9.95499992    
   9.96000004    
   9.96500015    
   9.97000027    
   9.97500038    
   9.97999954    
   9.98499966    
   9.98999977    
   9.99499989    
   10.0000000    
   10.0050001    
   10.0100002    
   10.0150003    
   10.0200005    
   10.0249996    
   10.0299997    
   10.0349998    
   10.0400000    
   10.0450001    
   10.0500002    
   10.0550003    
   10.0600004    
   10.0649996    
   10.0699997    
   10.0749998    
   10.0799999    
   10.0850000    
   10.0900002    
   10.0950003    
   10.1000004    
   10.1049995    
   10.1099997    
   10.1149998    
   10.1199999    
   10.1250000    
   10.1300001    
   10.1350002    
   10.1400003    
   10.1450005    
   10.1499996    
   10.1549997    
   10.1599998    
   10.1650000    
   10.1700001    
   10.1750002    
   10.1800003    
   10.1850004    
   10.1899996    
   10.1949997    
   10.1999998    
   10.2049999    
   10.2100000    
   10.2150002    
   10.2200003    
   10.2250004    
   10.2299995    
   10.2349997    
   10.2399998    
   10.2449999    
   10.2500000    
   10.2550001    
   10.2600002    
   10.2650003    
   10.2700005    
   10.2749996    
   10.2799997    
   10.2849998    
   10.2900000    
   10.2950001    
   10.3000002    
   10.3050003    
   10.3100004    
   10.3149996    
   10.3199997    
   10.3249998    
   10.3299999    
   10.3350000    
   10.3400002    
   10.3450003    
   10.3500004    
   10.3549995    
   10.3599997    
   10.3649998    
   10.3699999    
   10.3750000    
   10.3800001    
   10.3850002    
   10.3900003    
   10.3950005    
   10.3999996    
   10.4049997    
   10.4099998    
   10.4150000    
   10.4200001    
   10.4250002    
   10.4300003    
   10.4350004    
   10.4399996    
   10.4449997    
   10.4499998    
   10.4549999    
   10.4600000    
   10.4650002    
   10.4700003    
   10.4750004    
   10.4799995    
   10.4849997    
   10.4899998    
   10.4949999    
   10.5000000    
   10.5050001    
   10.5100002    
   10.5150003    
   10.5200005    
   10.5249996    
   10.5299997    
   10.5349998    
   10.5400000    
   10.5450001    
   10.5500002    
   10.5550003    
   10.5600004    
   10.5649996    
   10.5699997    
   10.5749998    
   10.5799999    
   10.5850000    
   10.5900002    
   10.5950003    
   10.6000004    
   10.6049995    
   10.6099997    
   10.6149998    
   10.6199999    
   10.6250000    
   10.6300001    
   10.6350002    
   10.6400003    
   10.6450005    
   10.6499996    
   10.6549997    
   10.6599998    
   10.6650000    
   10.6700001    
   10.6750002    
   10.6800003    
   10.6850004    
   10.6899996    
   10.6949997    
   10.6999998    
   10.7049999    
   10.7100000    
   10.7150002    
   10.7200003    
   10.7250004    
   10.7299995    
   10.7349997    
   10.7399998    
   10.7449999    
   10.7500000    
   10.7550001    
   10.7600002    
   10.7650003    
   10.7700005    
   10.7749996    
   10.7799997    
   10.7849998    
   10.7900000    
   10.7950001    
   10.8000002    
   10.8050003    
   10.8100004    
   10.8149996    
   10.8199997    
   10.8249998    
   10.8299999    
   10.8350000    
   10.8400002    
   10.8450003    
   10.8500004    
   10.8549995    
   10.8599997    
   10.8649998    
   10.8699999    
   10.8750000    
   10.8800001    
   10.8850002    
   10.8900003    
   10.8950005    
   10.8999996    
   10.9049997    
   10.9099998    
   10.9150000    
   10.9200001    
   10.9250002    
   10.9300003    
   10.9350004    
   10.9399996    
   10.9449997    
   10.9499998    
   10.9549999    
   10.9600000    
   10.9650002    
   10.9700003    
   10.9750004    
   10.9799995    
   10.9849997    
   10.9899998    
   10.9949999    
   11.0000000    
   11.0050001    
   11.0100002    
   11.0150003    
   11.0200005    
   11.0249996    
   11.0299997    
   11.0349998    
   11.0400000    
   11.0450001    
   11.0500002    
   11.0550003    
   11.0600004    
   11.0649996    
   11.0699997    
   11.0749998    
   11.0799999    
   11.0850000    
   11.0900002    
   11.0950003    
   11.1000004    
   11.1049995    
   11.1099997    
   11.1149998    
   11.1199999    
   11.1250000    
   11.1300001    
   11.1350002    
   11.1400003    
   11.1450005    
   11.1499996    
   11.1549997    
   11.1599998    
   11.1650000    
   11.1700001    
   11.1750002    
   11.1800003    
   11.1850004    
   11.1899996    
   11.1949997    
   11.1999998    
   11.2049999    
   11.2100000    
   11.2150002    
   11.2200003    
   11.2250004    
   11.2299995    
   11.2349997    
   11.2399998    
   11.2449999    
   11.2500000    
   11.2550001    
   11.2600002    
   11.2650003    
   11.2700005    
   11.2749996    
   11.2799997    
   11.2849998    
   11.2900000    
   11.2950001    
   11.3000002    
   11.3050003    
   11.3100004    
   11.3149996    
   11.3199997    
   11.3249998    
   11.3299999    
   11.3350000    
   11.3400002    
   11.3450003    
   11.3500004    
   11.3549995    
   11.3599997    
   11.3649998    
   11.3699999    
   11.3750000    
   11.3800001    
   11.3850002    
   11.3900003    
   11.3950005    
   11.3999996    
   11.4049997    
   11.4099998    
   11.4150000    
   11.4200001    
   11.4250002    
   11.4300003    
   11.4350004    
   11.4399996    
   11.4449997    
   11.4499998    
   11.4549999    
   11.4600000    
   11.4650002    
   11.4700003    
   11.4750004    
   11.4799995    
   11.4849997    
   11.4899998    
   11.4949999    
   11.5000000    
   11.5050001    
   11.5100002    
   11.5150003    
   11.5200005    
   11.5249996    
   11.5299997    
   11.5349998    
   11.5400000    
   11.5450001    
   11.5500002    
   11.5550003    
   11.5600004    
   11.5649996    
   11.5699997    
   11.5749998    
   11.5799999    
   11.5850000    
   11.5900002    
   11.5950003    
   11.6000004    
   11.6049995    
   11.6099997    
   11.6149998    
   11.6199999    
   11.6250000    
   11.6300001    
   11.6350002    
   11.6400003    
   11.6450005    
   11.6499996    
   11.6549997    
   11.6599998    
   11.6650000    
   11.6700001    
   11.6750002    
   11.6800003    
   11.6850004    
   11.6899996    
   11.6949997    
   11.6999998    
   11.7049999    
   11.7100000    
   11.7150002    
   11.7200003    
   11.7250004    
   11.7299995    
   11.7349997    
   11.7399998    
   11.7449999    
   11.7500000    
   11.7550001    
   11.7600002    
   11.7650003    
   11.7700005    
   11.7749996    
   11.7799997    
   11.7849998    
   11.7900000    
   11.7950001    
   11.8000002    
   11.8050003    
   11.8100004    
   11.8149996    
   11.8199997    
   11.8249998    
   11.8299999    
   11.8350000    
   11.8400002    
   11.8450003    
   11.8500004    
   11.8549995    
   11.8599997    
   11.8649998    
   11.8699999    
   11.8750000    
   11.8800001    
   11.8850002    
   11.8900003    
   11.8950005    
   11.8999996    
   11.9049997    
   11.9099998    
   11.9150000    
   11.9200001    
   11.9250002    
   11.9300003    
   11.9350004    
   11.9399996    
   11.9449997    
   11.9499998    
   11.9549999    
   11.9600000    
   11.9650002    
   11.9700003    
   11.9750004    
   11.9799995    
   11.9849997    
   11.9899998    
   11.9949999    
   12.0000000    
   12.0050001    
   12.0100002    
   12.0150003    
   12.0200005    
   12.0249996    
   12.0299997    
   12.0349998    
   12.0400000    
   12.0450001    
   12.0500002    
   12.0550003    
   12.0600004    
   12.0649996    
   12.0699997    
   12.0749998    
   12.0799999    
   12.0850000    
   12.0900002    
   12.0950003    
   12.1000004    
   12.1049995    
   12.1099997    
   12.1149998    
   12.1199999    
   12.1250000    
   12.1300001    
   12.1350002    
   12.1400003    
   12.1450005    
   12.1499996    
   12.1549997    
   12.1599998    
   12.1650000    
   12.1700001    
   12.1750002    
   12.1800003    
   12.1850004    
   12.1899996    
   12.1949997    
   12.1999998    
   12.2049999    
   12.2100000    
   12.2150002    
   12.2200003    
   12.2250004    
   12.2299995    
   12.2349997    
   12.2399998    
   12.2449999    
   12.2500000    
   12.2550001    
   12.2600002    
   12.2650003    
   12.2700005    
   12.2749996    
   12.2799997    
   12.2849998    
   12.2900000    
   12.2950001    
   12.3000002    
   12.3050003    
   12.3100004    
   12.3149996    
   12.3199997    
   12.3249998    
   12.3299999    
   12.3350000    
   12.3400002    
   12.3450003    
   12.3500004    
   12.3549995    
   12.3599997    
   12.3649998    
   12.3699999    
   12.3750000    
   12.3800001    
   12.3850002    
   12.3900003    
   12.3950005    
   12.3999996    
   12.4049997    
   12.4099998    
   12.4150000    
   12.4200001    
   12.4250002    
   12.4300003    
   12.4350004    
   12.4399996    
   12.4449997    
   12.4499998    
   12.4549999    
   12.4600000    
   12.4650002    
   12.4700003    
   12.4750004    
   12.4799995    
   12.4849997    
   12.4899998    
   12.4949999    
   12.5000000    
   12.5050001    
   12.5100002    
   12.5150003    
   12.5200005    
   12.5249996    
   12.5299997    
   12.5349998    
   12.5400000    
   12.5450001    
   12.5500002    
   12.5550003    
   12.5600004    
   12.5649996    
   12.5699997    
   12.5749998    
   12.5799999    
   12.5850000    
   12.5900002    
   12.5950003    
   12.6000004    
   12.6049995    
   12.6099997    
   12.6149998    
   12.6199999    
   12.6250000    
   12.6300001    
   12.6350002    
   12.6400003    
   12.6450005    
   12.6499996    
   12.6549997    
   12.6599998    
   12.6650000    
   12.6700001    
   12.6750002    
   12.6800003    
   12.6850004    
   12.6899996    
   12.6949997    
   12.6999998    
   12.7049999    
   12.7100000    
   12.7150002    
   12.7200003    
   12.7250004    
   12.7299995    
   12.7349997    
   12.7399998    
   12.7449999    
   12.7500000    
   12.7550001    
   12.7600002    
   12.7650003    
   12.7700005    
   12.7749996    
   12.7799997    
   12.7849998    
   12.7900000    
   12.7950001    
   12.8000002    
   12.8050003    
   12.8100004    
   12.8149996    
   12.8199997    
   12.8249998    
   12.8299999    
   12.8350000    
   12.8400002    
   12.8450003    
   12.8500004    
   12.8549995    
   12.8599997    
   12.8649998    
   12.8699999    
   12.8750000    
   12.8800001    
   12.8850002    
   12.8900003    
   12.8950005    
   12.8999996    
   12.9049997    
   12.9099998    
   12.9150000    
   12.9200001    
   12.9250002    
   12.9300003    
   12.9350004    
   12.9399996    
   12.9449997    
   12.9499998    
   12.9549999    
   12.9600000    
   12.9650002    
   12.9700003    
   12.9750004    
   12.9799995    
   12.9849997    
   12.9899998    
   12.9949999    
   13.0000000    
   13.0050001    
   13.0100002    
   13.0150003    
   13.0200005    
   13.0249996    
   13.0299997    
   13.0349998    
   13.0400000    
   13.0450001    
   13.0500002    
   13.0550003    
   13.0600004    
   13.0649996    
   13.0699997    
   13.0749998    
   13.0799999    
   13.0850000    
   13.0900002    
   13.0950003    
   13.1000004    
   13.1049995    
   13.1099997    
   13.1149998    
   13.1199999    
   13.1250000    
   13.1300001    
   13.1350002    
   13.1400003    
   13.1450005    
   13.1499996    
   13.1549997    
   13.1599998    
   13.1650000    
   13.1700001    
   13.1750002    
   13.1800003    
   13.1850004    
   13.1899996    
   13.1949997    
   13.1999998    
   13.2049999    
   13.2100000    
   13.2150002    
   13.2200003    
   13.2250004    
   13.2299995    
   13.2349997    
   13.2399998    
   13.2449999    
   13.2500000    
   13.2550001    
   13.2600002    
   13.2650003    
   13.2700005    
   13.2749996    
   13.2799997    
   13.2849998    
   13.2900000    
   13.2950001    
   13.3000002    
   13.3050003    
   13.3100004    
   13.3149996    
   13.3199997    
   13.3249998    
   13.3299999    
   13.3350000    
   13.3400002    
   13.3450003    
   13.3500004    
   13.3549995    
   13.3599997    
   13.3649998    
   13.3699999    
   13.3750000    
   13.3800001    
   13.3850002    
   13.3900003    
   13.3950005    
   13.3999996    
   13.4049997    
   13.4099998    
   13.4150000    
   13.4200001    
   13.4250002    
   13.4300003    
   13.4350004    
   13.4399996    
   13.4449997    
   13.4499998    
   13.4549999    
   13.4600000    
   13.4650002    
   13.4700003    
   13.4750004    
   13.4799995    
   13.4849997    
   13.4899998    
   13.4949999    
   13.5000000    
   13.5050001    
   13.5100002    
   13.5150003    
   13.5200005    
   13.5249996    
   13.5299997    
   13.5349998    
   13.5400000    
   13.5450001    
   13.5500002    
   13.5550003    
   13.5600004    
   13.5649996    
   13.5699997    
   13.5749998    
   13.5799999    
   13.5850000    
   13.5900002    
   13.5950003    
   13.6000004    
   13.6049995    
   13.6099997    
   13.6149998    
   13.6199999    
   13.6250000    
   13.6300001    
   13.6350002    
   13.6400003    
   13.6450005    
   13.6499996    
   13.6549997    
   13.6599998    
   13.6650000    
   13.6700001    
   13.6750002    
   13.6800003    
   13.6850004    
   13.6899996    
   13.6949997    
   13.6999998    
   13.7049999    
   13.7100000    
   13.7150002    
   13.7200003    
   13.7250004    
   13.7299995    
   13.7349997    
   13.7399998    
   13.7449999    
   13.7500000    
   13.7550001    
   13.7600002    
   13.7650003    
   13.7700005    
   13.7749996    
   13.7799997    
   13.7849998    
   13.7900000    
   13.7950001    
   13.8000002    
   13.8050003    
   13.8100004    
   13.8149996    
   13.8199997    
   13.8249998    
   13.8299999    
   13.8350000    
   13.8400002    
   13.8450003    
   13.8500004    
   13.8549995    
   13.8599997    
   13.8649998    
   13.8699999    
   13.8750000    
   13.8800001    
   13.8850002    
   13.8900003    
   13.8950005    
   13.8999996    
   13.9049997    
   13.9099998    
   13.9150000    
   13.9200001    
   13.9250002    
   13.9300003    
   13.9350004    
   13.9399996    
   13.9449997    
   13.9499998    
   13.9549999    
   13.9600000    
   13.9650002    
   13.9700003    
   13.9750004    
   13.9799995    
   13.9849997    
   13.9899998    
   13.9949999    
   14.0000000    
   14.0050001    
   14.0100002    
   14.0150003    
   14.0200005    
   14.0249996    
   14.0299997    
   14.0349998    
   14.0400000    
   14.0450001    
   14.0500002    
   14.0550003    
   14.0600004    
   14.0649996    
   14.0699997    
   14.0749998    
   14.0799999    
   14.0850000    
   14.0900002    
   14.0950003    
   14.1000004    
   14.1049995    
   14.1099997    
   14.1149998    
   14.1199999    
   14.1250000    
   14.1300001    
   14.1350002    
   14.1400003    
   14.1450005    
   14.1499996    
   14.1549997    
   14.1599998    
   14.1650000    
   14.1700001    
   14.1750002    
   14.1800003    
   14.1850004    
   14.1899996    
   14.1949997    
   14.1999998    
   14.2049999    
   14.2100000    
   14.2150002    
   14.2200003    
   14.2250004    
   14.2299995    
   14.2349997    
   14.2399998    
   14.2449999    
   14.2500000    
   14.2550001    
   14.2600002    
   14.2650003    
   14.2700005    
   14.2749996    
   14.2799997    
   14.2849998    
   14.2900000    
   14.2950001    
   14.3000002    
   14.3050003    
   14.3100004    
   14.3149996    
   14.3199997    
   14.3249998    
   14.3299999    
   14.3350000    
   14.3400002    
   14.3450003    
   14.3500004    
   14.3549995    
   14.3599997    
   14.3649998    
   14.3699999    
   14.3750000    
   14.3800001    
   14.3850002    
   14.3900003    
   14.3950005    
   14.3999996    
   14.4049997    
   14.4099998    
   14.4150000    
   14.4200001    
   14.4250002    
   14.4300003    
   14.4350004    
   14.4399996    
   14.4449997    
   14.4499998    
   14.4549999    
   14.4600000    
   14.4650002    
   14.4700003    
   14.4750004    
   14.4799995    
   14.4849997    
   14.4899998    
   14.4949999    
   14.5000000    
   14.5050001    
   14.5100002    
   14.5150003    
   14.5200005    
   14.5249996    
   14.5299997    
   14.5349998    
   14.5400000    
   14.5450001    
   14.5500002    
   14.5550003    
   14.5600004    
   14.5649996    
   14.5699997    
   14.5749998    
   14.5799999    
   14.5850000    
   14.5900002    
   14.5950003    
   14.6000004    
   14.6049995    
   14.6099997    
   14.6149998    
   14.6199999    
   14.6250000    
   14.6300001    
   14.6350002    
   14.6400003    
   14.6450005    
   14.6499996    
   14.6549997    
   14.6599998    
   14.6650000    
   14.6700001    
   14.6750002    
   14.6800003    
   14.6850004    
   14.6899996    
   14.6949997    
   14.6999998    
   14.7049999    
   14.7100000    
   14.7150002    
   14.7200003    
   14.7250004    
   14.7299995    
   14.7349997    
   14.7399998    
   14.7449999    
   14.7500000    
   14.7550001    
   14.7600002    
   14.7650003    
   14.7700005    
   14.7749996    
   14.7799997    
   14.7849998    
   14.7900000    
   14.7950001    
   14.8000002    
   14.8050003    
   14.8100004    
   14.8149996    
   14.8199997    
   14.8249998    
   14.8299999    
   14.8350000    
   14.8400002    
   14.8450003    
   14.8500004    
   14.8549995    
   14.8599997    
   14.8649998    
   14.8699999    
   14.8750000    
   14.8800001    
   14.8850002    
   14.8900003    
   14.8950005    
   14.8999996    
   14.9049997    
   14.9099998    
   14.9150000    
   14.9200001    
   14.9250002    
   14.9300003    
   14.9350004    
   14.9399996    
   14.9449997    
   14.9499998    
   14.9549999    
   14.9600000    
   14.9650002    
   14.9700003    
   14.9750004    
   14.9799995    
   14.9849997    
   14.9899998    
   14.9949999    
   15.0000000    
   15.0050001    
   15.0100002    
   15.0150003    
   15.0200005    
   15.0249996    
   15.0299997    
   15.0349998    
   15.0400000    
   15.0450001    
   15.0500002    
   15.0550003    
   15.0600004    
   15.0649996    
   15.0699997    
   15.0749998    
   15.0799999    
   15.0850000    
   15.0900002    
   15.0950003    
   15.1000004    
   15.1049995    
   15.1099997    
   15.1149998    
   15.1199999    
   15.1250000    
   15.1300001    
   15.1350002    
   15.1400003    
   15.1450005    
   15.1499996    
   15.1549997    
   15.1599998    
   15.1650000    
   15.1700001    
   15.1750002    
   15.1800003    
   15.1850004    
   15.1899996    
   15.1949997    
   15.1999998    
   15.2049999    
   15.2100000    
   15.2150002    
   15.2200003    
   15.2250004    
   15.2299995    
   15.2349997    
   15.2399998    
   15.2449999    
   15.2500000    
   15.2550001    
   15.2600002    
   15.2650003    
   15.2700005    
   15.2749996    
   15.2799997    
   15.2849998    
   15.2900000    
   15.2950001    
   15.3000002    
   15.3050003    
   15.3100004    
   15.3149996    
   15.3199997    
   15.3249998    
   15.3299999    
   15.3350000    
   15.3400002    
   15.3450003    
   15.3500004    
   15.3549995    
   15.3599997    
   15.3649998    
   15.3699999    
   15.3750000    
   15.3800001    
   15.3850002    
   15.3900003    
   15.3950005    
   15.3999996    
   15.4049997    
   15.4099998    
   15.4150000    
   15.4200001    
   15.4250002    
   15.4300003    
   15.4350004    
   15.4399996    
   15.4449997    
   15.4499998    
   15.4549999    
   15.4600000    
   15.4650002    
   15.4700003    
   15.4750004    
   15.4799995    
   15.4849997    
   15.4899998    
   15.4949999    
   15.5000000    
   15.5050001    
   15.5100002    
   15.5150003    
   15.5200005    
   15.5249996    
   15.5299997    
   15.5349998    
   15.5400000    
   15.5450001    
   15.5500002    
   15.5550003    
   15.5600004    
   15.5649996    
   15.5699997    
   15.5749998    
   15.5799999    
   15.5850000    
   15.5900002    
   15.5950003    
   15.6000004    
   15.6049995    
   15.6099997    
   15.6149998    
   15.6199999    
   15.6250000    
   15.6300001    
   15.6350002    
   15.6400003    
   15.6450005    
   15.6499996    
   15.6549997    
   15.6599998    
   15.6650000    
   15.6700001    
   15.6750002    
   15.6800003    
   15.6850004    
   15.6899996    
   15.6949997    
   15.6999998    
   15.7049999    
   15.7100000    
   15.7150002    
   15.7200003    
   15.7250004    
   15.7299995    
   15.7349997    
   15.7399998    
   15.7449999    
   15.7500000    
   15.7550001    
   15.7600002    
   15.7650003    
   15.7700005    
   15.7749996    
   15.7799997    
   15.7849998    
   15.7900000    
   15.7950001    
   15.8000002    
   15.8050003    
   15.8100004    
   15.8149996    
   15.8199997    
   15.8249998    
   15.8299999    
   15.8350000    
   15.8400002    
   15.8450003    
   15.8500004    
   15.8549995    
   15.8599997    
   15.8649998    
   15.8699999    
   15.8750000    
   15.8800001    
   15.8850002    
   15.8900003    
   15.8950005    
   15.8999996    
   15.9049997    
   15.9099998    
   15.9150000    
   15.9200001    
   15.9250002    
   15.9300003    
   15.9350004    
   15.9399996    
   15.9449997    
   15.9499998    
   15.9549999    
   15.9600000    
   15.9650002    
   15.9700003    
   15.9750004    
   15.9799995    
   15.9849997    
   15.9899998    
   15.9949999    
   16.0000000    
   16.0049992    
   16.0100002    
   16.0149994    
   16.0200005    
   16.0249996    
   16.0300007    
   16.0349998    
   16.0400009    
   16.0450001    
   16.0499992    
   16.0550003    
   16.0599995    
   16.0650005    
   16.0699997    
   16.0750008    
   16.0799999    
   16.0849991    
   16.0900002    
   16.0949993    
   16.1000004    
   16.1049995    
   16.1100006    
   16.1149998    
   16.1200008    
   16.1250000    
   16.1299992    
   16.1350002    
   16.1399994    
   16.1450005    
   16.1499996    
   16.1550007    
   16.1599998    
   16.1650009    
   16.1700001    
   16.1749992    
   16.1800003    
   16.1849995    
   16.1900005    
   16.1949997    
   16.2000008    
   16.2049999    
   16.2099991    
   16.2150002    
   16.2199993    
   16.2250004    
   16.2299995    
   16.2350006    
   16.2399998    
   16.2450008    
   16.2500000    
   16.2549992    
   16.2600002    
   16.2649994    
   16.2700005    
   16.2749996    
   16.2800007    
   16.2849998    
   16.2900009    
   16.2950001    
   16.2999992    
   16.3050003    
   16.3099995    
   16.3150005    
   16.3199997    
   16.3250008    
   16.3299999    
   16.3349991    
   16.3400002    
   16.3449993    
   16.3500004    
   16.3549995    
   16.3600006    
   16.3649998    
   16.3700008    
   16.3750000    
   16.3799992    
   16.3850002    
   16.3899994    
   16.3950005    
   16.3999996    
   16.4050007    
   16.4099998    
   16.4150009    
   16.4200001    
   16.4249992    
   16.4300003    
   16.4349995    
   16.4400005    
   16.4449997    
   16.4500008    
   16.4549999    
   16.4599991    
   16.4650002    
   16.4699993    
   16.4750004    
   16.4799995    
   16.4850006    
   16.4899998    
   16.4950008    
   16.5000000    
   16.5049992    
   16.5100002    
   16.5149994    
   16.5200005    
   16.5249996    
   16.5300007    
   16.5349998    
   16.5400009    
   16.5450001    
   16.5499992    
   16.5550003    
   16.5599995    
   16.5650005    
   16.5699997    
   16.5750008    
   16.5799999    
   16.5849991    
   16.5900002    
   16.5949993    
   16.6000004    
   16.6049995    
   16.6100006    
   16.6149998    
   16.6200008    
   16.6250000    
   16.6299992    
   16.6350002    
   16.6399994    
   16.6450005    
   16.6499996    
   16.6550007    
   16.6599998    
   16.6650009    
   16.6700001    
   16.6749992    
   16.6800003    
   16.6849995    
   16.6900005    
   16.6949997    
   16.7000008    
   16.7049999    
   16.7099991    
   16.7150002    
   16.7199993    
   16.7250004    
   16.7299995    
   16.7350006    
   16.7399998    
   16.7450008    
   16.7500000    
   16.7549992    
   16.7600002    
   16.7649994    
   16.7700005    
   16.7749996    
   16.7800007    
   16.7849998    
   16.7900009    
   16.7950001    
   16.7999992    
   16.8050003    
   16.8099995    
   16.8150005    
   16.8199997    
   16.8250008    
   16.8299999    
   16.8349991    
   16.8400002    
   16.8449993    
   16.8500004    
   16.8549995    
   16.8600006    
   16.8649998    
   16.8700008    
   16.8750000    
   16.8799992    
   16.8850002    
   16.8899994    
   16.8950005    
   16.8999996    
   16.9050007    
   16.9099998    
   16.9150009    
   16.9200001    
   16.9249992    
   16.9300003    
   16.9349995    
   16.9400005    
   16.9449997    
   16.9500008    
   16.9549999    
   16.9599991    
   16.9650002    
   16.9699993    
   16.9750004    
   16.9799995    
   16.9850006    
   16.9899998    
   16.9950008    
   17.0000000    
   17.0049992    
   17.0100002    
   17.0149994    
   17.0200005    
   17.0249996    
   17.0300007    
   17.0349998    
   17.0400009    
   17.0450001    
   17.0499992    
   17.0550003    
   17.0599995    
   17.0650005    
   17.0699997    
   17.0750008    
   17.0799999    
   17.0849991    
   17.0900002    
   17.0949993    
   17.1000004    
   17.1049995    
   17.1100006    
   17.1149998    
   17.1200008    
   17.1250000    
   17.1299992    
   17.1350002    
   17.1399994    
   17.1450005    
   17.1499996    
   17.1550007    
   17.1599998    
   17.1650009    
   17.1700001    
   17.1749992    
   17.1800003    
   17.1849995    
   17.1900005    
   17.1949997    
   17.2000008    
   17.2049999    
   17.2099991    
   17.2150002    
   17.2199993    
   17.2250004    
   17.2299995    
   17.2350006    
   17.2399998    
   17.2450008    
   17.2500000    
   17.2549992    
   17.2600002    
   17.2649994    
   17.2700005    
   17.2749996    
   17.2800007    
   17.2849998    
   17.2900009    
   17.2950001    
   17.2999992    
   17.3050003    
   17.3099995    
   17.3150005    
   17.3199997    
   17.3250008    
   17.3299999    
   17.3349991    
   17.3400002    
   17.3449993    
   17.3500004    
   17.3549995    
   17.3600006    
   17.3649998    
   17.3700008    
   17.3750000    
   17.3799992    
   17.3850002    
   17.3899994    
   17.3950005    
   17.3999996    
   17.4050007    
   17.4099998    
   17.4150009    
   17.4200001    
   17.4249992    
   17.4300003    
   17.4349995    
   17.4400005    
   17.4449997    
   17.4500008    
   17.4549999    
   17.4599991    
   17.4650002    
   17.4699993    
   17.4750004    
   17.4799995    
   17.4850006    
   17.4899998    
   17.4950008    
   17.5000000    
   17.5049992    
   17.5100002    
   17.5149994    
   17.5200005    
   17.5249996    
   17.5300007    
   17.5349998    
   17.5400009    
   17.5450001    
   17.5499992    
   17.5550003    
   17.5599995    
   17.5650005    
   17.5699997    
   17.5750008    
   17.5799999    
   17.5849991    
   17.5900002    
   17.5949993    
   17.6000004    
   17.6049995    
   17.6100006    
   17.6149998    
   17.6200008    
   17.6250000    
   17.6299992    
   17.6350002    
   17.6399994    
   17.6450005    
   17.6499996    
   17.6550007    
   17.6599998    
   17.6650009    
   17.6700001    
   17.6749992    
   17.6800003    
   17.6849995    
   17.6900005    
   17.6949997    
   17.7000008    
   17.7049999    
   17.7099991    
   17.7150002    
   17.7199993    
   17.7250004    
   17.7299995    
   17.7350006    
   17.7399998    
   17.7450008    
   17.7500000    
   17.7549992    
   17.7600002    
   17.7649994    
   17.7700005    
   17.7749996    
   17.7800007    
   17.7849998    
   17.7900009    
   17.7950001    
   17.7999992    
   17.8050003    
   17.8099995    
   17.8150005    
   17.8199997    
   17.8250008    
   17.8299999    
   17.8349991    
   17.8400002    
   17.8449993    
   17.8500004    
   17.8549995    
   17.8600006    
   17.8649998    
   17.8700008    
   17.8750000    
   17.8799992    
   17.8850002    
   17.8899994    
   17.8950005    
   17.8999996    
   17.9050007    
   17.9099998    
   17.9150009    
   17.9200001    
   17.9249992    
   17.9300003    
   17.9349995    
   17.9400005    
   17.9449997    
   17.9500008    
   17.9549999    
   17.9599991    
   17.9650002    
   17.9699993    
   17.9750004    
   17.9799995    
   17.9850006    
   17.9899998    
   17.9950008    
   18.0000000    
   18.0049992    
   18.0100002    
   18.0149994    
   18.0200005    
   18.0249996    
   18.0300007    
   18.0349998    
   18.0400009    
   18.0450001    
   18.0499992    
   18.0550003    
   18.0599995    
   18.0650005    
   18.0699997    
   18.0750008    
   18.0799999    
   18.0849991    
   18.0900002    
   18.0949993    
   18.1000004    
   18.1049995    
   18.1100006    
   18.1149998    
   18.1200008    
   18.1250000    
   18.1299992    
   18.1350002    
   18.1399994    
   18.1450005    
   18.1499996    
   18.1550007    
   18.1599998    
   18.1650009    
   18.1700001    
   18.1749992    
   18.1800003    
   18.1849995    
   18.1900005    
   18.1949997    
   18.2000008    
   18.2049999    
   18.2099991    
   18.2150002    
   18.2199993    
   18.2250004    
   18.2299995    
   18.2350006    
   18.2399998    
   18.2450008    
   18.2500000    
   18.2549992    
   18.2600002    
   18.2649994    
   18.2700005    
   18.2749996    
   18.2800007    
   18.2849998    
   18.2900009    
   18.2950001    
   18.2999992    
   18.3050003    
   18.3099995    
   18.3150005    
   18.3199997    
   18.3250008    
   18.3299999    
   18.3349991    
   18.3400002    
   18.3449993    
   18.3500004    
   18.3549995    
   18.3600006    
   18.3649998    
   18.3700008    
   18.3750000    
   18.3799992    
   18.3850002    
   18.3899994    
   18.3950005    
   18.3999996    
   18.4050007    
   18.4099998    
   18.4150009    
   18.4200001    
   18.4249992    
   18.4300003    
   18.4349995    
   18.4400005    
   18.4449997    
   18.4500008    
   18.4549999    
   18.4599991    
   18.4650002    
   18.4699993    
   18.4750004    
   18.4799995    
   18.4850006    
   18.4899998    
   18.4950008    
   18.5000000    
   18.5049992    
   18.5100002    
   18.5149994    
   18.5200005    
   18.5249996    
   18.5300007    
   18.5349998    
   18.5400009    
   18.5450001    
   18.5499992    
   18.5550003    
   18.5599995    
   18.5650005    
   18.5699997    
   18.5750008    
   18.5799999    
   18.5849991    
   18.5900002    
   18.5949993    
   18.6000004    
   18.6049995    
   18.6100006    
   18.6149998    
   18.6200008    
   18.6250000    
   18.6299992    
   18.6350002    
   18.6399994    
   18.6450005    
   18.6499996    
   18.6550007    
   18.6599998    
   18.6650009    
   18.6700001    
   18.6749992    
   18.6800003    
   18.6849995    
   18.6900005    
   18.6949997    
   18.7000008    
   18.7049999    
   18.7099991    
   18.7150002    
   18.7199993    
   18.7250004    
   18.7299995    
   18.7350006    
   18.7399998    
   18.7450008    
   18.7500000    
   18.7549992    
   18.7600002    
   18.7649994    
   18.7700005    
   18.7749996    
   18.7800007    
   18.7849998    
   18.7900009    
   18.7950001    
   18.7999992    
   18.8050003    
   18.8099995    
   18.8150005    
   18.8199997    
   18.8250008    
   18.8299999    
   18.8349991    
   18.8400002    
   18.8449993    
   18.8500004    
   18.8549995    
   18.8600006    
   18.8649998    
   18.8700008    
   18.8750000    
   18.8799992    
   18.8850002    
   18.8899994    
   18.8950005    
   18.8999996    
   18.9050007    
   18.9099998    
   18.9150009    
   18.9200001    
   18.9249992    
   18.9300003    
   18.9349995    
   18.9400005    
   18.9449997    
   18.9500008    
   18.9549999    
   18.9599991    
   18.9650002    
   18.9699993    
   18.9750004    
   18.9799995    
   18.9850006    
   18.9899998    
   18.9950008    
   19.0000000    
   19.0049992    
   19.0100002    
   19.0149994    
   19.0200005    
   19.0249996    
   19.0300007    
   19.0349998    
   19.0400009    
   19.0450001    
   19.0499992    
   19.0550003    
   19.0599995    
   19.0650005    
   19.0699997    
   19.0750008    
   19.0799999    
   19.0849991    
   19.0900002    
   19.0949993    
   19.1000004    
   19.1049995    
   19.1100006    
   19.1149998    
   19.1200008    
   19.1250000    
   19.1299992    
   19.1350002    
   19.1399994    
   19.1450005    
   19.1499996    
   19.1550007    
   19.1599998    
   19.1650009    
   19.1700001    
   19.1749992    
   19.1800003    
   19.1849995    
   19.1900005    
   19.1949997    
   19.2000008    
   19.2049999    
   19.2099991    
   19.2150002    
   19.2199993    
   19.2250004    
   19.2299995    
   19.2350006    
   19.2399998    
   19.2450008    
   19.2500000    
   19.2549992    
   19.2600002    
   19.2649994    
   19.2700005    
   19.2749996    
   19.2800007    
   19.2849998    
   19.2900009    
   19.2950001    
   19.2999992    
   19.3050003    
   19.3099995    
   19.3150005    
   19.3199997    
   19.3250008    
   19.3299999    
   19.3349991    
   19.3400002    
   19.3449993    
   19.3500004    
   19.3549995    
   19.3600006    
   19.3649998    
   19.3700008    
   19.3750000    
   19.3799992    
   19.3850002    
   19.3899994    
   19.3950005    
   19.3999996    
   19.4050007    
   19.4099998    
   19.4150009    
   19.4200001    
   19.4249992    
   19.4300003    
   19.4349995    
   19.4400005    
   19.4449997    
   19.4500008    
   19.4549999    
   19.4599991    
   19.4650002    
   19.4699993    
   19.4750004    
   19.4799995    
   19.4850006    
   19.4899998    
   19.4950008    
   19.5000000    
   19.5049992    
   19.5100002    
   19.5149994    
   19.5200005    
   19.5249996    
   19.5300007    
   19.5349998    
   19.5400009    
   19.5450001    
   19.5499992    
   19.5550003    
   19.5599995    
   19.5650005    
   19.5699997    
   19.5750008    
   19.5799999    
   19.5849991    
   19.5900002    
   19.5949993    
   19.6000004    
   19.6049995    
   19.6100006    
   19.6149998    
   19.6200008    
   19.6250000    
   19.6299992    
   19.6350002    
   19.6399994    
   19.6450005    
   19.6499996    
   19.6550007    
   19.6599998    
   19.6650009    
   19.6700001    
   19.6749992    
   19.6800003    
   19.6849995    
   19.6900005    
   19.6949997    
   19.7000008    
   19.7049999    
   19.7099991    
   19.7150002    
   19.7199993    
   19.7250004    
   19.7299995    
   19.7350006    
   19.7399998    
   19.7450008    
   19.7500000    
   19.7549992    
   19.7600002    
   19.7649994    
   19.7700005    
   19.7749996    
   19.7800007    
   19.7849998    
   19.7900009    
   19.7950001    
   19.7999992    
   19.8050003    
   19.8099995    
   19.8150005    
   19.8199997    
   19.8250008    
   19.8299999    
   19.8349991    
   19.8400002    
   19.8449993    
   19.8500004    
   19.8549995    
   19.8600006    
   19.8649998    
   19.8700008    
   19.8750000    
   19.8799992    
   19.8850002    
   19.8899994    
   19.8950005    
   19.8999996    
   19.9050007    
   19.9099998    
   19.9150009    
   19.9200001    
   19.9249992    
   19.9300003    
   19.9349995    
   19.9400005    
   19.9449997    
   19.9500008    
   19.9549999    
   19.9599991    
   19.9650002    
   19.9699993    
   19.9750004    
   19.9799995    
   19.9850006    
   19.9899998    
   19.9950008    
   20.0000000    
   20.0049992    
   20.0100002    
   20.0149994    
   20.0200005    
   20.0249996    
   20.0300007    
   20.0349998    
   20.0400009    
   20.0450001    
   20.0499992    
   20.0550003    
   20.0599995    
   20.0650005    
   20.0699997    
   20.0750008    
   20.0799999    
   20.0849991    
   20.0900002    
   20.0949993    
   20.1000004    
   20.1049995    
   20.1100006    
   20.1149998    
   20.1200008    
   20.1250000    
   20.1299992    
   20.1350002    
   20.1399994    
   20.1450005    
   20.1499996    
   20.1550007    
   20.1599998    
   20.1650009    
   20.1700001    
   20.1749992    
   20.1800003    
   20.1849995    
   20.1900005    
   20.1949997    
   20.2000008    
   20.2049999    
   20.2099991    
   20.2150002    
   20.2199993    
   20.2250004    
   20.2299995    
   20.2350006    
   20.2399998    
   20.2450008    
   20.2500000    
   20.2549992    
   20.2600002    
   20.2649994    
   20.2700005    
   20.2749996    
   20.2800007    
   20.2849998    
   20.2900009    
   20.2950001    
   20.2999992    
   20.3050003    
   20.3099995    
   20.3150005    
   20.3199997    
   20.3250008    
   20.3299999    
   20.3349991    
   20.3400002    
   20.3449993    
   20.3500004    
   20.3549995    
   20.3600006    
   20.3649998    
   20.3700008    
   20.3750000    
   20.3799992    
   20.3850002    
   20.3899994    
   20.3950005    
   20.3999996    
   20.4050007    
   20.4099998    
   20.4150009    
   20.4200001    
   20.4249992    
   20.4300003    
   20.4349995    
   20.4400005    
   20.4449997    
   20.4500008    
   20.4549999    
   20.4599991    
   20.4650002    
   20.4699993    
   20.4750004    
   20.4799995    
